ACCELEROMETER X (m/s²),ACCELEROMETER Y (m/s²),ACCELEROMETER Z (m/s²),GRAVITY X (m/s²),GRAVITY Y (m/s²),GRAVITY Z (m/s²),LINEAR ACCELERATION X (m/s²),LINEAR ACCELERATION Y (m/s²),LINEAR ACCELERATION Z (m/s²),GYROSCOPE X (rad/s),GYROSCOPE Y (rad/s),GYROSCOPE Z (rad/s),LIGHT (lux),MAGNETIC FIELD X (μT),MAGNETIC FIELD Y (μT),MAGNETIC FIELD Z (μT),ORIENTATION Z (azimuth °),ORIENTATION X (pitch °),ORIENTATION Y (roll °),PROXIMITY (i),ATMOSPHERIC PRESSURE (hPa),SOUND LEVEL (dB),LOCATION Latitude : ,LOCATION Longitude : ,LOCATION Altitude ( m),LOCATION Altitude-google ( m),LOCATION Altitude-atmospheric pressure ( m),LOCATION Speed ( Kmh),LOCATION Accuracy ( m),LOCATION ORIENTATION (°),Satellites in range,Time since start in ms ,YYYY-MO-DD HH-MI-SS_SSS
0.2943,3.4475,8.2708,-1.1988,3.1692,9.2027,0.409,-0.1739,0.509,0.4778,-0.0402,0.3082,11101.995,-8.4,15.36,-45.11,24.38,-15.28,4.92,5,991.17,60.488,46.16782,15.859856,856.13,NaN,,0,16.227528,,Aug-19,4,2022-07-15 14:01:59:071
0.5133,2.1069,10.4297,-0.7043,2.2783,9.5123,1.502,0.8167,0.8717,-0.3091,0.5032,-0.3049,11953.98,-6.21,13.29,-45.47,19.3,-13.62,2.7,5,991.15,60.246,46.16782,15.859856,856.13,NaN,,0,16.227528,,Aug-19,505,2022-07-15 14:01:59:572
0.1418,2.6925,9.5073,0.4084,2.4621,9.4838,-0.2102,-0.6131,-0.4003,0.6565,-0.3628,-0.145,69561.99,-14.47,18,-42.9,29.21,-10.21,0.22,5,991.15,60.167,46.167824,15.85985,857.9,NaN,,1.33,15.334239,27.2,Sep-19,1004,2022-07-15 14:02:00:071
0.399,2.9791,8.8026,-0.4379,3.0206,9.3196,-0.0587,-1.1141,0.6452,-0.5164,-0.2683,0.0715,11997.99,-16.63,12.28,-43.41,39.37,-16.34,2.92,5,991.12,59.995,46.167824,15.85985,857.9,NaN,,1.33,15.334239,27.2,Sep-19,1504,2022-07-15 14:02:00:571
-1.0935,2.0554,7.5613,-0.4262,2.0901,9.5718,0.0062,0.1859,1.2888,-0.0796,0.1876,-0.2657,12649.028,-15.77,9.64,-45.17,39.28,-15.34,1.92,5,991.19,58.883,46.16785,15.859864,868.02,NaN,,3.1,14.566638,27.3,Sep-21,2006,2022-07-15 14:02:01:073
-0.0257,0.5019,11.7936,-0.1133,1.1998,9.7323,-0.0648,0.5415,-0.9262,-0.2433,-0.1571,0.5625,13604.018,-17.14,16.95,-42.9,35.13,-9.59,-0.21,5,991.27,59.191,46.16785,15.859864,868.02,NaN,,3.1,14.566638,27.3,Sep-21,2505,2022-07-15 14:02:01:572
-0.7938,0.8219,10.4315,-0.3059,1.0725,9.743,0.8609,0.9166,-0.2577,-0.4734,0.7146,0.0593,16638.008,-11.87,19.5,-43.31,23.71,-9.15,-0.42,5,991.23,60.446,46.16787,15.859866,868.07,NaN,,4.39,14.814849,27.4,Nov-22,3005,2022-07-15 14:02:02:072
1.0074,1.3155,9.1262,0.2334,1.8464,9.6284,-0.1309,-0.1406,3.1521,-0.3591,0.3125,0.3674,13503.984,-11.33,19.22,-43.27,20.87,-9.55,-1.49,5,991.23,57.961,46.16787,15.859866,868.07,NaN,,4.39,14.814849,27.4,Nov-22,3504,2022-07-15 14:02:02:571
2.3085,0.9733,13.1169,1.1176,1.5922,9.6118,0.4427,0.1309,2.1691,0.0858,-0.4565,-0.4867,12600.023,-9.99,18.99,-43.27,14.28,-10.16,-4.34,5,991.23,57.316,46.16788,15.859869,868.47,NaN,,4.43,15.15363,17.4,Dec-22,4005,2022-07-15 14:02:03:072
0.4283,1.6319,13.3843,0.4093,1.7954,9.6322,0.0186,0.0733,2.9072,-0.1273,-0.0863,0.307,12444.976,-12.51,19.58,-42.64,20.52,-12.56,-2.84,5,991.21,57.402,46.16788,15.859869,868.47,NaN,,4.43,15.15363,17.4,Dec-22,4504,2022-07-15 14:02:03:571
-0.4493,1.5942,11.6477,0.5638,1.8172,9.6203,1.5475,0.5857,2.1931,0.0628,-0.0867,-0.234,12591.99,-11.4,17.93,-43.84,14.01,-13.21,-5.25,5,991.24,57.919,46.167896,15.859871,871.21,NaN,,5.54,15.210359,16.5,Dec-22,5004,2022-07-15 14:02:04:071
-2.3689,1.8132,9.8315,-1.8675,2.4664,9.3059,-0.8461,-1.1817,1.9795,-0.2353,0.2292,0.3731,12271.028,-6.98,16.93,-44.16,28.94,-9,7.88,5,991.26,55.436,46.167896,15.859871,871.21,NaN,,5.54,15.210359,16.5,Dec-22,5504,2022-07-15 14:02:04:571
1.1767,6.00E-04,14.1428,-0.8499,0.7379,9.7418,-1.3841,-0.4945,3.6499,-0.2959,-0.8927,0.5201,11796.976,1.67,16.99,-44.29,17.01,-7.95,11.73,5,991.24,60.694,46.167908,15.859875,870.22,NaN,,5.58,15.125333,15.2,Dec-22,6004,2022-07-15 14:02:05:071
-3.5521,1.3011,11.6955,-1.1413,1.6699,9.5958,-0.3588,-0.8262,3.0783,0.3954,0.1132,0.5199,13032.023,-5.59,23.49,-40.89,19.79,-6.84,5.56,5,991.3,54.396,46.167908,15.859875,870.22,NaN,,5.58,15.125333,15.2,Dec-22,6504,2022-07-15 14:02:05:571
2.1912,1.8514,15.6562,0.2495,1.912,9.6152,0.4194,0.0107,0.563,-0.2304,1.067,-0.3029,13468.007,-5.79,17.27,-43.89,10.88,-11.24,-1.49,5,991.32,64.264,46.16792,15.859879,866.75,NaN,,5.11,14.794527,11.6,Nov-22,7005,2022-07-15 14:02:06:072
-1.0989,1.2616,14.1996,-0.9116,2.1869,9.5161,-1.0247,-0.3284,0.3381,-0.9246,-0.2027,-0.6448,66962.98,-6.36,16.63,-44.27,18.54,-11.93,3.4,5,991.3,64.985,46.16792,15.859879,866.75,NaN,,5.11,14.794527,11.6,Nov-22,7504,2022-07-15 14:02:06:571
-1.2377,0.2877,16.0194,-0.7965,1.29,9.6887,-0.0902,-0.4315,0.8726,0.7168,-0.2266,-0.1308,74527.02,1.59,21.45,-42.45,4.28,-6.2,5.32,5,991.36,58.249,46.167934,15.859878,865.1,NaN,,5.36,14.647552,2.9,Nov-22,8006,2022-07-15 14:02:07:073
-3.8447,1.4782,13.8748,-1.1749,1.6722,9.5913,-1.3512,-0.7573,0.3493,0.5716,-0.2156,0.6917,74380.01,5.29,22.2,-42.06,1.32,-6.52,7.62,5,991.3,50.89,46.167934,15.859878,865.1,NaN,,5.36,14.647552,2.9,Nov-22,8505,2022-07-15 14:02:07:572
0.5115,1.1372,13.3304,-0.2585,2.2871,9.5327,-0.1694,-2.0714,-2.1174,0.1266,0.0241,-0.2954,66186.99,8.49,16.5,-43.63,345.77,-13.49,1.55,5,991.31,52.967,46.16795,15.859874,863.47,NaN,,5.15,14.146705,357.9,Oct-22,9006,2022-07-15 14:02:08:073
-0.341,0.32,11.3575,-0.0332,1.4864,9.6933,-0.1958,-0.9985,0.8714,-0.0796,0.68,0.8663,66539.01,9.58,11.74,-44.89,327.81,-7.15,-1.28,5,991.35,54.109,46.16795,15.859874,863.47,NaN,,5.15,14.146705,357.9,Oct-22,9506,2022-07-15 14:02:08:573
0.3793,1.672,10.0499,-0.7019,1.3232,9.6916,0.6948,0.5956,0.3028,-0.3076,-0.0825,0.4734,75074.984,14.94,3.81,-43.46,314.6,-7.98,6.21,5,991.33,50.335,46.16796,15.859867,863.93,NaN,,3.38,13.950594,340.8,Oct-23,10005,2022-07-15 14:02:09:072
-2.9366,0.8171,12.5073,-0.1146,1.3576,9.7116,-0.9571,-0.117,1.0789,-0.1193,-0.3157,-0.3681,73640.01,18.21,2.61,-42.41,295.59,-7.4,0.61,5,991.34,51.401,46.16796,15.859867,863.93,NaN,,3.38,13.950594,340.8,Oct-23,10505,2022-07-15 14:02:09:572
3.3882,1.94,4.8245,1.9144,-0.6662,9.5949,5.5938,0.2983,-2.0415,0.4481,-0.4552,0.6513,60037,10.39,0.94,-45.32,264.27,3.9,-11.28,5,991.31,53.933,46.16796,15.859867,863.93,NaN,,3.38,13.950594,340.8,Sep-22,11004,2022-07-15 14:02:10:071
-3.8411,1.517,10.2861,0.2859,-0.8961,9.7614,1.0842,-0.9463,1.5377,0.4481,0.2903,-0.6479,65900.99,11.48,-1.59,-44.64,238.44,6.72,-0.99,5,991.33,60.09,46.16796,15.859867,863.93,NaN,,3.38,13.950594,340.8,Sep-22,11505,2022-07-15 14:02:10:572
-1.6756,-0.5707,9.8931,-0.5572,-0.6837,9.7669,0.1478,-0.2259,0.8157,-0.1161,0.3343,-0.9659,7490.0034,20.66,1.82,-41.16,270.57,2.47,2.63,5,991.34,56.849,46.16796,15.859867,863.93,NaN,,3.38,13.950594,340.8,Oct-21,12005,2022-07-15 14:02:11:072
-1.0971,-1.1862,9.5324,-0.7857,-0.3003,9.7705,-0.1151,-0.2225,-0.3249,0.0074,-0.1066,-0.3146,75720.016,23.53,10.59,-38.48,295.71,1.69,5.31,5,991.36,59.63,46.16796,15.859867,863.93,NaN,,3.38,13.950594,340.8,Oct-21,12506,2022-07-15 14:02:11:573
-1.6714,0.5821,8.8289,-1.4214,-0.859,9.665,1.6296,-0.9747,0.7025,0.4528,0.7953,0.5634,81606.016,21.71,14.38,-38.81,302.59,5.03,8.37,5,991.36,65.317,46.167976,15.859872,871.44,NaN,,5.69,13.821097,32.3,Oct-21,13004,2022-07-15 14:02:12:071
-1.4961,0.0413,10.5218,-3.3597,0.4271,9.2033,-0.5695,0.0512,-0.0223,-0.6928,-0.0041,0.4232,82151.016,28.29,10.07,-35.66,315.92,-5.67,20.27,5,991.34,57.578,46.167976,15.859872,871.44,NaN,,5.69,13.821097,32.3,Oct-21,13505,2022-07-15 14:02:12:572
-1.3555,0.2285,9.6012,-1.108,-0.0217,9.7438,0.3513,-0.1609,-0.3754,0.0443,-0.0695,-0.5899,76656.984,25.2,11.46,-36.49,299.29,-0.08,8.06,5,991.35,60.091,46.167976,15.859872,871.44,NaN,,5.69,13.821097,32.3,Nov-22,14005,2022-07-15 14:02:13:072
-0.8925,0.6873,9.8028,-0.1452,0.2885,9.8013,0.5368,0.1371,-1.0943,0.2173,0.0667,-0.1097,71539,18.62,16.11,-40.73,311.24,0.06,1.12,5,991.36,59.493,46.167976,15.859872,871.44,NaN,,5.69,13.821097,32.3,Nov-22,14505,2022-07-15 14:02:13:572
0.0544,0.542,8.7302,3.00E-04,0.753,9.7777,0.3762,0.1573,-0.059,-0.4012,-1.4941,-0.1751,69063.98,15.69,13.61,-42.06,317.04,-4.4,0,5,991.35,64.434,46.167976,15.859872,871.44,NaN,,5.69,13.821097,32.3,Nov-22,15004,2022-07-15 14:02:14:071
1.2377,2.0967,9.3613,1.9875,1.8989,9.4135,0.1378,0.525,-2.1028,0.1403,-0.1287,-0.3653,61171,7.91,12.58,-44.83,318.58,-10.42,-13.09,5,991.33,56.277,46.167976,15.859872,871.44,NaN,,5.69,13.821097,32.3,Nov-22,15504,2022-07-15 14:02:14:571
0.8943,1.7749,9.7866,0.7453,1.437,9.6721,0.1565,-0.5014,-0.6181,0.2634,0.1326,-0.1952,64436.984,6.21,13.78,-45.04,331.66,-7.24,-5.77,5,991.36,64.443,46.167976,15.859872,871.44,NaN,,5.69,13.821097,32.3,Nov-22,16004,2022-07-15 14:02:15:071
0.7328,1.9226,9.5557,0.1469,2.3233,9.5263,-0.3047,0.1104,-0.4283,-0.1361,-0.3793,0.1166,67680.02,11.23,11.66,-44.68,335.58,-14.16,0.89,5,991.38,54.044,46.167976,15.859872,871.44,NaN,,5.69,13.821097,32.3,Nov-22,16504,2022-07-15 14:02:15:571
0.0281,2.2774,10.4961,0.1222,2.2129,9.5529,0.3029,0.16,-0.0211,-0.006,-0.0046,0.1911,66508.97,10.63,11.12,-45.06,330.95,-13.04,-0.73,5,991.37,64.522,46.167976,15.859872,871.44,NaN,,5.69,13.821097,32.3,Nov-22,17004,2022-07-15 14:02:16:071
-0.7615,2.3779,10.4118,-0.4478,2.4241,9.4918,0.0251,-0.2435,0.9413,0.1412,0.5603,-0.0943,69569.016,9,10.97,-44.81,335.39,-13.42,-0.86,5,991.36,60.968,46.167976,15.859872,871.44,NaN,,5.69,13.821097,32.3,Nov-22,17504,2022-07-15 14:02:16:571
-1.2323,2.2014,9.5414,-1.1072,2.1742,9.4983,-0.2844,-0.0198,0.4641,-0.112,-0.1179,-0.103,74666.01,15.84,9.36,-42.92,333.33,-13.95,8.06,5,991.34,54.587,46.167976,15.859872,871.44,NaN,,5.69,13.821097,32.3,Nov-22,18004,2022-07-15 14:02:17:071
-0.5115,1.3424,10.8921,-0.1188,1.2,9.7322,-0.642,0.2779,0.9341,-0.3281,0.0361,-0.0499,68706.02,13.01,12.49,-43.54,324.84,-8.97,-0.23,5,991.34,61.893,46.167976,15.859872,871.44,NaN,,5.69,13.821097,32.3,Nov-22,18505,2022-07-15 14:02:17:572
0.6395,0.8321,10.797,0.1114,0.5323,9.7916,-0.6162,0.4809,0.3411,0.369,-0.9027,-0.8756,67563.99,11.57,17.21,-42.94,327.1,-3.11,-0.65,5,991.35,67.777,46.167976,15.859872,871.44,NaN,,5.69,13.821097,32.3,Nov-22,19005,2022-07-15 14:02:18:072
-0.2758,2.0471,8.0806,0.8716,1.503,9.6515,-0.8691,-0.0489,0.7699,0.3763,-0.3948,-0.0859,66157.97,9.81,17.87,-43.26,332.16,-6.65,-2.73,5,991.36,65.526,46.167976,15.859872,871.44,NaN,,5.69,13.821097,32.3,Nov-22,19506,2022-07-15 14:02:18:573
-0.2261,1.748,10.197,0.4693,1.6633,9.6532,-0.1048,0.0891,-0.117,0.0942,0.1668,-0.1262,63749.03,6.19,15.47,-44.93,337.14,-9.21,-4.15,5,991.36,64.575,46.167976,15.859872,871.44,NaN,,5.69,13.821097,32.3,Nov-22,20004,2022-07-15 14:02:19:071
3.6568,0.7615,9.5593,1.9101,1.2521,9.537,-1.4931,0.9777,0.1733,0.0072,-0.4917,0.1222,63382.977,6.11,16.13,-44.87,325.42,-7.34,-11.33,5,991.37,60.082,46.167976,15.859872,871.44,NaN,,5.69,13.821097,32.3,Nov-22,20504,2022-07-15 14:02:19:571
1.349,1.788,9.7238,2.0154,1.5269,9.4751,-0.2859,0.265,-0.3816,0.0013,0.2145,0.0557,61296.01,-1.52,17.12,-45.15,342.65,-8.96,-12.01,5,991.36,65.416,46.167976,15.859872,871.44,NaN,,5.69,13.821097,32.3,Nov-22,21005,2022-07-15 14:02:20:072
0.5342,1.7641,9.6694,0.6139,1.492,9.673,0.2144,0.1546,0.0583,0.0985,0.2977,0.0179,64495.99,2.91,16.2,-44.93,342.76,-8.21,-4.97,5,991.37,63.209,46.167976,15.859872,871.44,NaN,,5.69,13.821097,32.3,Nov-22,21505,2022-07-15 14:02:20:572
0.539,1.3531,10.3089,0.3021,1.3471,9.709,-0.2816,0.1712,-0.0781,-0.0742,0.0095,0.0599,67424,7.14,16.46,-44.14,338.75,-8.47,-2.17,5,991.37,58.885,46.167976,15.859872,871.44,NaN,,5.69,13.821097,32.3,Dec-22,22004,2022-07-15 14:02:21:071
0.2321,1.2784,9.7789,0.2167,1.3976,9.7041,-0.1778,-0.0076,-0.0811,0.0115,0.0397,0.0601,67754.01,4.33,15.51,-43.74,347.29,-8.19,-1.28,5,991.37,62.164,46.167976,15.859872,871.44,NaN,,5.69,13.821097,32.3,Dec-22,22504,2022-07-15 14:02:21:571
-0.1328,1.6816,9.8423,0.3514,1.3497,9.707,-0.1182,-0.1589,0.2111,0.0512,0.0813,0.0309,67549.01,9.36,16.31,-43.56,334.16,-7.91,-2.07,5,991.36,57.631,46.167976,15.859872,871.44,NaN,,5.69,13.821097,32.3,Nov-21,23004,2022-07-15 14:02:22:071
0.0754,1.5966,10.075,0.0663,1.5144,9.6888,0.4042,-0.1497,0.1321,-0.0182,0.0941,0.0348,67227.03,10.43,15.94,-43.52,334.71,-9.02,-0.93,5,991.36,58.002,46.167976,15.859872,871.44,NaN,,5.69,13.821097,32.3,Nov-21,23505,2022-07-15 14:02:22:572
-0.073,1.3513,9.9368,-0.2411,1.5539,9.6798,-0.0104,-0.0097,0.1279,-0.0529,-0.0738,0.0342,69489.02,13.95,14.53,-42.96,329.38,-9.29,1.45,5,991.36,55.059,46.167976,15.859872,871.44,NaN,,5.69,13.821097,32.3,Nov-21,24005,2022-07-15 14:02:23:072
0.4026,1.1055,9.4708,-0.2851,1.1095,9.7395,-0.3146,-0.1028,0.185,0.0625,-0.0827,0.2776,69694.02,12.71,15.28,-42.92,329.35,-6.5,1.68,5,991.37,47.063,46.167976,15.859872,871.44,NaN,,5.69,13.821097,32.3,Nov-21,24504,2022-07-15 14:02:23:571
0.3434,1.0056,10.4668,0.2404,0.854,9.7664,-0.1316,0.571,0.4435,0.1445,0.1407,-0.008,68149.016,11.57,15.96,-43.09,326.41,-5,-1.41,5,991.37,65.968,46.167976,15.859872,871.44,NaN,,5.69,13.821097,32.3,Nov-21,25005,2022-07-15 14:02:24:072
0.4373,1.0152,10.1282,0.398,0.9094,9.7563,0.3145,-0.1203,0.5463,-0.0275,-0.0308,-0.0588,67842.02,12.54,16.82,-42.84,325.37,-5.51,-2.02,5,991.38,57.804,46.167976,15.859872,871.44,NaN,,5.69,13.821097,32.3,Nov-21,25506,2022-07-15 14:02:24:573
0.1914,0.7627,9.8231,-0.134,0.7408,9.7777,0.004,-0.395,0.2536,-0.0461,0.0309,0.2131,69275.99,13.5,17.63,-42.58,327.62,-5.04,0.31,5,991.36,62.46,46.167976,15.859872,871.44,NaN,,5.69,13.821097,32.3,Nov-21,26004,2022-07-15 14:02:25:071
-0.2064,0.317,10.946,0.5149,0.5711,9.7765,0.2995,-0.1857,0.1097,0.0425,0.5209,0.3284,67270.98,13.86,16.56,-42.43,320.11,-3.34,-3.02,5,991.38,65.991,46.167976,15.859872,871.44,NaN,,5.69,13.821097,32.3,Nov-21,26505,2022-07-15 14:02:25:572
-0.0736,0.6903,10.6205,-0.1035,0.8301,9.7709,-0.4959,0.6006,-0.3002,-0.0864,0.2476,-0.1513,69716.03,14.98,13.16,-42.47,318.62,-4.86,0.61,5,991.36,60.239,46.167976,15.859872,871.44,NaN,,5.69,13.821097,32.3,Nov-21,27005,2022-07-15 14:02:26:072
-0.1149,1.5852,9.7735,-0.088,1.4379,9.7003,0.1596,0.076,-0.1306,0.0464,-0.0615,0.0509,70359.98,17.03,11.38,-42.21,316.29,-8.12,1.18,5,991.37,65.21,46.167976,15.859872,871.44,NaN,,5.69,13.821097,32.3,Nov-21,27506,2022-07-15 14:02:26:573
-0.2393,0.9996,9.993,-0.0591,1.4641,9.6966,-0.2536,-0.5287,0.3854,0.22,0.014,0.1206,70536.016,18.09,9.69,-42.71,311.98,-8.09,0.34,5,991.37,57.397,46.167976,15.859872,871.44,NaN,,5.69,13.821097,32.3,Oct-22,28006,2022-07-15 14:02:27:073
0.1723,1.6893,9.9057,-0.004,1.541,9.6848,0.2947,-0.322,0.6058,-0.0203,-0.0061,0.1472,71801.98,18.43,7.99,-42.47,308.88,-9.04,0.02,5,991.36,59.325,46.167976,15.859872,871.44,NaN,,5.69,13.821097,32.3,Oct-22,28504,2022-07-15 14:02:27:571
-0.3332,1.3101,10.3699,0.1757,1.4718,9.694,0.2914,-0.0293,-0.3835,-0.1068,-0.1058,-0.0065,71898.03,18.62,6.17,-42.68,301.95,-8.63,-1.04,5,991.36,65.108,46.167976,15.859872,871.44,NaN,,5.69,13.821097,32.3,Dec-22,29004,2022-07-15 14:02:28:071
0.2973,0.6969,10.7599,0.0321,1.2033,9.7325,0.3431,0.2534,-0.2325,-0.2316,0.1339,0.1044,71319.016,17.81,7.41,-42.99,304.71,-7.86,-0.62,5,991.37,49.035,46.167976,15.859872,871.44,NaN,,5.69,13.821097,32.3,Dec-22,29505,2022-07-15 14:02:28:572
0.469,1.4142,9.883,0.1601,1.383,9.7073,0.3002,0.0249,-0.0845,0.0615,0.0186,0.0223,71276.02,18.53,8.1,-42.6,304.9,-7.68,-0.75,5,991.37,59.102,46.167976,15.859872,871.44,NaN,,5.69,13.821097,32.3,Nov-22,30006,2022-07-15 14:02:29:073
0.0395,1.407,10.0546,0.0889,1.3628,9.7111,-0.1039,0.0094,0.0223,-0.0355,0.0561,-0.0561,71752.03,11.83,4.67,-42.15,311.02,-7.99,-0.52,5,991.36,61.109,46.167976,15.859872,871.44,NaN,,5.69,13.821097,32.3,Nov-22,30506,2022-07-15 14:02:29:573
-0.0048,1.2185,10.133,-0.05,1.3719,9.7101,-0.0986,0.0177,-0.0465,0.0353,8.00E-04,-0.0358,72065.98,8.78,3.83,-41.4,317.83,-8.04,0.3,5,991.38,52.841,46.167976,15.859872,871.44,NaN,,5.69,13.821097,32.3,Nov-21,31006,2022-07-15 14:02:30:073
-0.2405,1.4782,9.8818,-0.0691,1.3613,9.7115,-0.009,-0.0314,-0.0221,-0.0156,-0.027,-0.0223,72198,12.06,5.33,-41.83,312.93,-8.02,0.5,5,991.38,59.826,46.167976,15.859872,871.44,NaN,,5.69,13.821097,32.3,Nov-21,31505,2022-07-15 14:02:30:572
0.9446,2.1428,9.2189,-0.0081,1.2951,9.7208,0.5945,1.1116,-0.9362,-0.4862,0.0055,0.3072,71882.98,19.18,7.67,-42.11,306.67,-9.06,-0.61,5,991.37,63.512,46.167976,15.859872,871.44,NaN,,5.69,13.821097,32.3,Nov-21,32005,2022-07-15 14:02:31:072
0.5456,0.8249,10.2281,0.0672,1.1714,9.7362,0.0622,0.0603,0.5254,-0.0552,0.0061,-0.0124,71817.03,18.96,7.46,-42.86,302.03,-6.86,-0.4,5,991.37,67.795,46.167976,15.859872,871.44,NaN,,5.69,13.821097,32.3,Nov-21,32506,2022-07-15 14:02:31:573
-0.2016,1.3926,10.066,0.0341,1.1058,9.744,-0.1349,-0.0769,0.1689,-0.0409,-0.0243,-0.0431,71620,18.69,8.42,-42.43,303.51,-6.47,-0.2,5,991.37,53.551,46.167976,15.859872,871.44,NaN,,5.69,13.821097,32.3,Dec-22,33004,2022-07-15 14:02:32:071
-0.3039,1.1222,9.6945,0.0985,0.9867,9.7564,-0.5851,-0.0969,-0.0977,0.0165,0.0379,0.0091,70229.03,18.26,8.76,-42.94,305.25,-5.88,-1.14,5,991.37,60.508,46.167976,15.859872,871.44,NaN,,5.69,13.821097,32.3,Dec-22,33504,2022-07-15 14:02:32:571
-0.198,0.7663,9.6544,0.1466,0.9702,9.7574,-0.2682,-0.3204,-0.2429,0.0453,0.0299,-0.1343,70082.016,17.66,9.94,-42.79,306.8,-5.92,-1.55,5,991.37,58.224,46.167973,15.859865,873.24,NaN,,0,12.94434,,Dec-22,34005,2022-07-15 14:02:33:072
-0.0263,1.3394,9.5874,-0.037,1.031,9.7522,0.1968,-0.1063,0.059,0.0348,-0.0134,0.0522,70902,18.02,10.18,-42.04,308.85,-6.03,0.22,5,991.38,48.354,46.167973,15.859865,873.24,NaN,,0,12.94434,,Dec-22,34505,2022-07-15 14:02:33:572
0.6885,0.9398,10.4859,0.0199,1.0121,9.7543,0.1945,0.1016,-0.0585,-0.0022,-0.0111,0.0732,70983,18.69,9.92,-42.68,306.99,-5.92,-0.12,5,991.37,65.266,46.167973,15.859865,873.24,NaN,,0,12.94434,,Dec-22,35005,2022-07-15 14:02:34:072
-0.7047,1.139,9.0658,-0.2004,1.0673,9.7463,-0.8524,-0.4882,0.2097,0.2048,-0.0774,0.0673,71898.03,18.23,10.22,-41.98,309.72,-5.84,1.13,5,991.37,63.124,46.167973,15.859865,873.24,NaN,,0,12.94434,,Dec-22,35505,2022-07-15 14:02:34:572
-0.6688,0.8124,10.0738,-0.079,1.0036,9.7548,0.3446,-0.0656,0.1829,0.0112,0.0321,-0.0522,71860.98,14.7,9.17,-42.32,312.14,-5.87,0.46,5,991.37,64.36,46.167973,15.859865,873.24,NaN,,0,12.94434,,Dec-22,36004,2022-07-15 14:02:35:071
0.2381,0.7501,10.4889,-0.2478,0.9264,9.7597,0.079,0.0228,-0.0826,-0.0724,-0.0759,0.1035,71817.03,14.23,9.13,-42.06,314.73,-5.43,1.24,5,991.38,59.287,46.167973,15.859865,873.24,NaN,,0,12.94434,,Dec-22,36504,2022-07-15 14:02:35:571
-0.0209,1.1025,10.0522,-0.1662,0.9765,9.7565,0.0655,-0.0169,0.3138,0.0089,-0.0703,-0.0308,71919.02,14.4,8.94,-42.51,315.94,-5.78,1.47,5,991.38,65.505,46.167973,15.859865,873.24,NaN,,0,12.94434,,Nov-22,37005,2022-07-15 14:02:36:072
-0.1448,0.9727,10.0415,-0.164,0.9476,9.7594,-0.1697,-0.0231,0.1127,-0.0184,1.00E-04,0.0678,71341.02,14.51,8.96,-42.49,312.02,-5.67,0.59,5,991.39,55.164,46.167973,15.859865,873.24,NaN,,0,12.94434,,Nov-22,37504,2022-07-15 14:02:36:571
0.0311,0.9027,10.1827,-0.0691,0.9577,9.7595,0.0883,0.0383,-0.2556,0.0066,-0.0223,0.0573,71494.99,15.11,8.16,-42.56,309.63,-5.6,0.41,5,991.38,53.95,46.167973,15.859865,873.24,NaN,,0,12.94434,,Nov-22,38004,2022-07-15 14:02:37:071
-0.2243,0.8082,9.262,-0.0609,0.8374,9.7706,-0.2111,-0.1914,0.0519,-0.0772,0.2253,0.3248,71407.984,15.08,7.24,-42.56,306.2,-5.37,-0.03,5,991.39,56.798,46.167973,15.859865,873.24,NaN,,0,12.94434,,Nov-22,38504,2022-07-15 14:02:37:571
-0.5575,1.3711,9.7884,-0.3447,1.0093,9.7485,-0.4567,-0.1532,0.8086,0.1674,-0.0598,0.0993,72630,18.04,6.92,-42.02,301.61,-4.35,1.92,5,991.39,51.903,46.167973,15.859865,873.24,NaN,,0,12.94434,,Nov-22,39005,2022-07-15 14:02:38:072
0.0329,1.4417,9.7849,-0.2316,1.259,9.7227,0.0689,0.6416,-0.4572,-0.0793,0.0365,-0.054,74123.98,17.53,3.69,-41.93,299.99,-7.73,1.65,5,991.39,59.014,46.167973,15.859865,873.24,NaN,,0,12.94434,,Nov-22,39504,2022-07-15 14:02:38:571
-0.2674,0.7872,9.8578,-0.0284,0.8904,9.7661,0.1433,0.359,0.5008,0.1476,-0.0718,-0.1397,72380.99,16.5,4.31,-42.07,294.81,-5.21,0.17,5,991.38,53.543,46.167973,15.859865,873.24,NaN,,0,12.94434,,Nov-22,40004,2022-07-15 14:02:39:071
0.478,0.9505,10.0582,0.1042,1.0305,9.7518,-0.1835,-0.0774,-0.1124,0.1051,0.077,-0.0615,71832.016,16.65,5.34,-42.32,298.37,-6.05,-0.51,5,991.38,53.661,46.167973,15.859865,873.24,NaN,,0,12.94434,,Nov-22,40505,2022-07-15 14:02:39:572
0.1878,0.9446,9.4193,0.179,0.8182,9.7708,0.2292,0.2845,-0.083,-0.1503,0.0861,-0.0854,71466.03,15.88,5.19,-42.71,298.45,-5.52,-1.03,5,991.38,55.538,46.167973,15.859865,873.24,NaN,,0,12.94434,,Nov-22,41005,2022-07-15 14:02:40:072
-0.0688,0.2847,9.6688,-0.003,0.5214,9.7928,-0.1239,-0.119,0.0592,0.0751,-0.0379,-0.0123,70843.01,17.44,8.42,-42.56,300.79,-2.85,0.01,5,991.39,57.852,46.167973,15.859865,873.24,NaN,,0,12.94434,,Nov-22,41504,2022-07-15 14:02:40:571
-0.1406,0.612,9.5109,-0.1472,0.4735,9.7941,-0.098,0.0125,0.2257,0.0801,-0.066,-0.0152,71334,16.16,7.71,-42.17,303.13,-2.77,0.86,5,991.38,60.093,46.167973,15.859865,873.24,NaN,,0,12.94434,,Nov-22,42004,2022-07-15 14:02:41:071
-0.3117,0.6443,9.6197,-0.0919,0.5475,9.7909,-0.0739,-0.1857,0.1148,0.0932,-0.041,-0.1014,71692.97,17.12,7.82,-42.32,301.63,-2.99,0.62,5,991.38,56.477,46.167973,15.859865,873.24,NaN,,0,12.94434,,Nov-22,42504,2022-07-15 14:02:41:571
-0.3434,0.8471,10.1007,-0.2287,0.6028,9.7854,-0.1364,-0.1244,0.1898,-0.0179,0.0557,-0.0444,72432.02,17.44,7.05,-41.72,300.94,-3.72,1.05,5,991.38,52.946,46.167973,15.859865,873.24,NaN,,0,12.94434,,Dec-22,43005,2022-07-15 14:02:42:072
0.0538,0.0712,11.6178,-0.2146,0.6667,9.7816,0.8824,0.3576,-0.0211,-0.2181,0.2032,0.0908,72330.03,17.08,6.69,-42.06,301.24,-4.25,0.47,5,991.38,50.515,46.167973,15.859865,873.24,NaN,,0,12.94434,,Dec-22,43504,2022-07-15 14:02:42:571
-0.195,0.6323,10.1749,-0.0304,0.6876,9.7825,-0.2584,-0.2178,0.7124,0.0246,0.0216,0.0638,71788.01,17.29,6.3,-42.34,297.9,-4.02,0.18,5,991.39,61.446,46.167973,15.859865,873.24,NaN,,0,12.94434,,Dec-22,44004,2022-07-15 14:02:43:071
0.0359,0.4929,10.2203,-0.0375,0.7685,9.7764,-0.0404,0.1086,-0.1094,0.0043,0.0089,-0.0354,71766,17.01,6.08,-42.36,298.24,-4.28,0.04,5,991.38,45.767,46.167973,15.859865,873.24,NaN,,0,12.94434,,Dec-22,44504,2022-07-15 14:02:43:571
-0.1214,0.926,10.1031,-0.0068,0.7887,9.7749,0.0234,0.0944,-0.078,-0.0286,0.0022,0.0903,71904.984,17.33,5.55,-42.07,299.21,-4.67,0.24,5,991.37,56.289,46.167973,15.859865,873.24,NaN,,0,12.94434,,Nov-22,45004,2022-07-15 14:02:44:071
0.1507,0.0921,11.1864,-0.1882,0.7724,9.7744,0.5572,0.2461,-0.3713,-0.1271,0.1194,0.0277,72403,16.84,4.78,-41.98,296.79,-4.81,0.2,5,991.37,56.977,46.167973,15.859865,873.24,NaN,,0,12.94434,,Nov-22,45504,2022-07-15 14:02:44:571
0.3936,0.877,10.3843,-0.0279,0.9427,9.7612,-0.7236,0.3401,-0.2393,-0.0158,0.1354,0.2533,71583.01,16.84,4.76,-42.36,298.11,-5.52,0.16,5,991.38,49.097,46.167973,15.859865,873.24,NaN,,0,12.94434,,Nov-23,46004,2022-07-15 14:02:45:071
-0.0341,1.1833,10.0164,0.0874,1.2344,9.7283,-0.3213,0.7391,-0.0722,0.017,0.0449,-0.0796,72572.02,15.73,2.66,-42.32,295.01,-6.61,-0.95,5,991.38,62.517,46.167973,15.859865,873.24,NaN,,0,12.94434,,Nov-23,46505,2022-07-15 14:02:45:572
-1.7659,2.4832,9.3667,-0.372,0.8347,9.764,0.9818,-1.3925,-0.036,-0.0193,-0.109,0.3222,74232.99,17.12,2.89,-42.02,298.69,-7.79,1.45,5,991.38,56.515,46.167973,15.859865,873.24,NaN,,0,12.94434,,Oct-23,47006,2022-07-15 14:02:46:073
0.0772,-0.5725,11.3779,-0.1102,0.0754,9.8057,0.06,0.1922,0.3929,-0.3757,-0.0102,0.1624,73676.99,19.58,2.38,-40.57,280.06,-1.96,1.04,5,991.39,67.595,46.167973,15.859865,873.24,NaN,,0,12.94434,,Oct-23,47505,2022-07-15 14:02:46:572
-1.1677,0.0754,9.7621,-0.3804,0.0924,9.7988,-0.9057,-0.3584,0.2994,0.2065,0.0732,-0.1696,71304.98,18.79,5.64,-41.25,290.18,-0.54,2.22,5,991.4,61.271,46.167973,15.859865,873.24,NaN,,0,12.94434,,13 / 23,48005,2022-07-15 14:02:47:072
-0.0628,0.2698,10.3669,-0.6721,0.309,9.7787,0.0503,0.3731,-0.0523,-0.0197,0.0582,0.0648,72687.984,18.69,6.73,-41.66,296.13,-1.43,3.43,5,991.38,50.843,46.167973,15.859865,873.24,NaN,,0,12.94434,,13 / 23,48505,2022-07-15 14:02:47:572
-0.5539,0.6479,9.5892,-0.6183,0.2922,9.7828,0.0411,0.1841,-0.067,-0.0231,0.0202,0.0122,72951.98,18.11,6.19,-40.54,295.17,-1.97,3.02,5,991.38,51.228,46.167973,15.859865,873.24,NaN,,0,12.94434,,14 / 23,49006,2022-07-15 14:02:48:073
-0.1669,0.4845,9.7442,-0.9183,0.5313,9.7491,-0.1274,0.0751,-0.4747,0.0252,-0.1177,0.2423,75316.98,20.38,5.51,-39.99,297.05,-3.11,5.38,5,991.39,57.445,46.167973,15.859865,873.24,NaN,,0,12.94434,,14 / 23,49505,2022-07-15 14:02:48:572
-0.9326,-0.0598,10.1695,-0.2933,0.2875,9.798,-0.2137,-0.2238,0.4097,0.0263,0.0419,-0.2691,72585.99,18.92,4.91,-40.86,289.28,-1.68,1.71,5,991.38,58.901,46.167973,15.859865,873.24,NaN,,0,12.94434,,15 / 22,50005,2022-07-15 14:02:49:072
-0.3123,0.0556,10.0582,-0.5171,0.2331,9.7902,-0.0658,0.0609,-0.1231,-0.0073,0.0024,0.0923,72754,17.06,7.16,-41.27,298.58,-1.41,3.12,5,991.39,61.263,46.167973,15.859865,873.24,NaN,,0,12.94434,,15 / 22,50504,2022-07-15 14:02:49:571
-1.5685,-0.5282,11.2863,-0.765,-0.0084,9.7768,-0.0238,-0.1899,0.5662,-0.1138,0.3812,0.2665,72052,16.84,7.33,-41.12,294.07,0.16,2.2,5,991.37,60.479,46.16797,15.859858,867.84,NaN,,0,12.226105,,15 / 22,51004,2022-07-15 14:02:50:071
-0.4522,0.6191,9.4134,-1.2068,0.5856,9.7145,2.00E-04,-0.2808,-0.1036,0.0269,-0.1042,1.0085,75654,19.82,2.68,-39.71,290.28,-3.42,7.08,5,991.38,63.212,46.16797,15.859858,867.84,NaN,,0,12.226105,,15 / 22,51505,2022-07-15 14:02:50:572
-0.9218,0.9099,11.5579,0.1812,1.0316,9.7506,0.6888,0.9581,-1.1059,-0.1483,0.1468,-0.3554,76401.02,12.94,-10.27,-40.05,247.25,-6.04,-1.06,5,991.39,67.101,46.16797,15.859858,867.84,NaN,,0,12.226105,,15 / 22,52004,2022-07-15 14:02:51:071
-0.4445,0.1962,9.542,-0.4199,0.5448,9.7825,-1.2734,-0.4096,-0.3399,0.0605,-0.1312,0.7362,73845,14.29,-7.78,-39.69,246.78,-4.03,2.94,5,991.38,65.023,46.16797,15.859858,867.84,NaN,,0,12.226105,,15 / 22,52506,2022-07-15 14:02:51:573
0.7836,-0.0114,11.3635,0.1711,0.7048,9.7798,1.0044,0.0454,-0.0248,-0.1067,0.5611,0.4846,72234.99,10.5,-12.39,-40.82,232.29,-3.59,-1.68,5,991.39,68.083,46.16797,15.859858,867.84,NaN,,0,12.226105,,15 / 22,53004,2022-07-15 14:02:52:071
0.4415,0.6263,11.0381,0.9504,-0.1478,9.7594,0.5487,0.4861,1.6302,-0.1806,0.2123,-0.0619,69144.98,-1.2,-16.69,-42.64,190.19,0.86,-5.56,5,991.39,64.889,46.16797,15.859858,867.84,NaN,,0,12.226105,,15 / 22,53504,2022-07-15 14:02:52:571
-0.0987,-0.7675,8.1541,-0.4425,-0.1508,9.7955,-0.8215,-1.2336,-1.6908,0.5189,-0.0338,0.4197,67571.016,2.7,-12.84,-43.69,184.23,0.88,2.59,5,991.39,64.865,46.167965,15.859866,867.94,NaN,,1.48,12.226105,167.7,15 / 22,54005,2022-07-15 14:02:53:072
0.7603,-0.6006,9.4074,-0.4488,0.8984,9.7551,0.6928,-1.2356,1.1873,0.3489,-0.3031,-0.4891,71370.99,6.66,-16.63,-41.74,195.15,-4.59,4.52,5,991.36,64.322,46.167965,15.859866,867.94,NaN,,1.48,12.226105,167.7,15 / 22,54506,2022-07-15 14:02:53:573
0.1346,0.9799,10.1653,0.0119,0.4091,9.7981,-0.0555,0.7655,-0.1247,-0.2631,-0.1119,0.0844,77001.03,9.86,-19.69,-39,208.01,-3.34,0.87,5,991.36,63.741,46.167957,15.859872,864.74,NaN,,2.7,12.226105,178.1,15 / 22,55006,2022-07-15 14:02:54:073
-0.5515,0.6371,10.0361,0.1292,0.43,9.7964,-0.2942,0.1081,0.2307,-0.0208,0.0672,-0.3006,73669.98,9.3,-17.96,-40.59,210.51,-2.51,-0.76,5,991.37,68.47,46.167957,15.859872,864.74,NaN,,2.7,12.226105,178.1,15 / 22,55504,2022-07-15 14:02:54:571
-1.1139,0.5396,9.8453,-0.5095,0.4534,9.7829,-0.2562,-0.0594,-0.0655,0.0267,0.0451,-0.1246,73800.99,12.26,-14.96,-40.69,217.02,-2.65,2.98,5,991.37,61.292,46.167957,15.859872,864.74,NaN,,2.7,12.226105,178.1,15 / 22,56004,2022-07-15 14:02:55:071
-0.6574,0.268,9.9936,-0.6932,0.3707,9.7751,0.0862,-0.0342,-0.0015,-0.0195,0.0616,-0.0108,73647.97,11.12,-14.96,-40.28,211.44,-2.22,3.98,5,991.37,60.859,46.167957,15.859872,864.74,NaN,,2.7,12.226105,178.1,15 / 22,56505,2022-07-15 14:02:55:572
-0.6802,0.3936,9.926,-0.6485,0.3998,9.777,-0.0089,0.0899,0.0236,-0.0029,-6.00E-04,-0.1637,73676.99,10.74,-15.11,-39.36,212.2,-2.29,3.73,5,991.37,55.335,46.167957,15.859882,864.61,NaN,,0,12.226105,,15 / 22,57004,2022-07-15 14:02:56:071
-0.7478,0.2154,10.1934,-0.691,0.1631,9.7809,0.161,0.0263,0.2989,-8.00E-04,0.1119,-0.0216,73281.984,15.39,-12.64,-40.09,224.59,-0.95,4.04,5,991.36,54.438,46.167957,15.859882,864.61,NaN,,0,12.226105,,15 / 22,57505,2022-07-15 14:02:56:572
-0.5791,0.5683,9.7759,-0.4439,0.59,9.7788,0.3213,-0.0141,-0.168,-0.0421,-0.1197,0.3175,74079.97,14.48,-12.92,-40.84,229.18,-3.45,2.6,5,991.37,61.626,46.167957,15.859882,864.61,NaN,,0,12.226105,,15 / 22,58004,2022-07-15 14:02:57:071
-0.8644,-0.1155,9.5276,-0.6115,0.2073,9.7854,-0.487,-0.4449,0.0641,0.0444,-0.1562,-0.1481,73654.99,12.53,-13.99,-40.76,217.9,-1.73,4.27,5,991.38,54.645,46.167957,15.859882,864.61,NaN,,0,12.226105,,15 / 22,58505,2022-07-15 14:02:57:572
-1.2078,0.119,9.7167,-0.84,0.0936,9.7702,-0.1692,-0.2168,0.0981,0.1284,0.0869,-0.016,72336.984,13.41,-10.71,-40.97,222.33,-0.29,4.38,5,991.37,46.614,46.167957,15.859882,864.61,NaN,,0,12.226105,,15 / 22,59005,2022-07-15 14:02:58:072
-0.603,0.4134,9.9673,-0.757,0.1375,9.7764,-0.1431,-0.0291,-0.1783,-0.0077,0.049,0.1369,73669.98,15.54,-10.12,-40.99,233.65,-0.8,4.43,5,991.36,62.223,46.167957,15.859882,864.61,NaN,,0,12.226105,,15 / 22,59505,2022-07-15 14:02:58:572
-0.0766,0.917,8.2953,-0.6714,0.3792,9.7763,0.0147,-0.1971,-0.5903,0.1406,0.0968,-0.1301,73560.016,15.06,-10.95,-40.78,232.37,-2.22,3.93,5,991.36,52.9,46.167957,15.859882,864.61,NaN,,0,12.226105,,15 / 22,60004,2022-07-15 14:02:59:071
-1.325,-0.323,10.4267,-0.9073,0.3594,9.758,-0.1479,-0.1062,0.8815,-0.0706,0.3578,0.2582,74496.984,15.09,-10.86,-40.07,230.86,-1.3,3.72,5,991.38,64.151,46.167957,15.859882,864.61,NaN,,0,12.226105,,15 / 22,60504,2022-07-15 14:02:59:571
0.2279,0.3547,9.6951,-0.5157,0.3215,9.7878,-0.1972,0.2279,-0.1688,-0.1184,0.0149,0.0604,73150.02,15.38,-11.83,-40.11,229.99,-2.09,3.53,5,991.38,51.613,46.167957,15.859882,864.61,NaN,,0,12.226105,,15 / 22,61004,2022-07-15 14:03:00:071
-0.6473,0.3362,9.3212,-0.3058,0.1128,9.8012,-0.332,-0.0843,-0.1231,-0.103,0.0271,0.123,72264.016,14.36,-11.33,-40.8,230.39,-0.66,1.79,5,991.38,53.692,46.167957,15.859882,864.61,NaN,,0,12.226105,,15 / 22,61504,2022-07-15 14:03:00:571
-0.8668,0.0048,9.658,-0.4998,0.1514,9.7927,0.2732,-0.0066,-0.6668,0.12,-0.0383,0.0474,71795.03,13.82,-10.11,-41.47,231.81,-0.88,2.92,5,991.37,47.036,46.167957,15.859882,864.61,NaN,,0,12.226105,,16 / 22,62004,2022-07-15 14:03:01:071
0.6849,-0.1107,9.5856,-0.4237,0.415,9.7887,-1.3359,0.079,-0.8547,0.0044,-0.4652,0.275,73545.03,14.63,-11.1,-40.74,232.63,-2.74,4.47,5,991.37,66.332,46.167957,15.859882,864.61,NaN,,0,12.226105,,16 / 22,62504,2022-07-15 14:03:01:571
-0.7089,0.5019,10.0451,-0.431,0.4799,9.7854,-0.0571,0.3633,0.259,0.0537,0.1391,0.0662,73538.016,12.98,-13.35,-40.14,225.58,-2.81,2.52,5,991.37,69.329,46.167957,15.859882,864.61,NaN,,0,12.226105,,16 / 22,63004,2022-07-15 14:03:02:071
-0.7549,0.6664,9.5695,-0.8272,0.6634,9.7492,-0.1917,-0.0897,-0.167,0.0291,0.035,-0.0119,75127.03,15.71,-12.88,-39.94,230.97,-3.88,4.85,5,991.38,64.516,46.167957,15.859882,864.61,NaN,,0,12.226105,,16 / 22,63505,2022-07-15 14:03:02:572
-1.0516,0.7771,9.9494,-0.9795,0.7704,9.7272,-0.0368,0.0213,-0.2005,-0.006,-0.0073,0.051,75667.98,15.94,-13.63,-39.71,228.06,-4.51,5.75,5,991.36,51.346,46.167957,15.859882,864.61,NaN,,0,12.226105,,16 / 22,64005,2022-07-15 14:03:03:072
-0.7753,0.7161,10.0367,-0.7387,0.6482,9.7573,0.0505,-0.0154,0.4897,-0.0081,-0.0857,0.0836,75551,11.44,-15.51,-40.31,209.74,-3.79,4.85,5,991.37,60.896,46.167957,15.859882,864.61,NaN,,0,12.226105,,16 / 22,64504,2022-07-15 14:03:03:571
-0.0132,0.0227,11.2283,-0.3305,0.3741,9.7939,-0.1133,0.1739,-0.2191,-0.1102,-0.3389,-0.1215,71935.02,4.28,-17.21,-39.51,189.72,-2.19,1.93,5,991.36,64.418,46.167957,15.859882,864.61,NaN,,0,12.226105,,16 / 22,65004,2022-07-15 14:03:04:071
0.0556,0.5719,9.6299,-0.272,0.529,9.7886,0.8467,-0.1671,-0.2283,-0.0714,0.1853,-0.0567,71253,4.01,-15.45,-40.87,192.63,-3.09,1.59,5,991.37,58.577,46.167957,15.859882,864.61,NaN,,0,12.226105,,16 / 22,65504,2022-07-15 14:03:04:571
-0.6407,0.941,9.6987,-0.5772,0.6872,9.7655,-0.06,0.2893,-0.4743,-0.1261,0.0799,0.0276,75354.03,13.97,-13.74,-40.2,226.27,-4.02,3.38,5,991.37,64.794,46.167957,15.859882,864.61,NaN,,0,12.226105,,16 / 22,66005,2022-07-15 14:03:05:072
-0.8554,1.0068,9.7137,-0.6908,0.7875,9.7505,-0.167,-0.0091,0.0196,-0.0393,-0.0298,-0.0133,75412.016,14.44,-14.21,-39.82,226.84,-4.86,3.99,5,991.35,66.876,46.167957,15.859882,864.61,NaN,,0,12.226105,,16 / 22,66505,2022-07-15 14:03:05:572
-1.0403,0.7017,9.5898,-0.6747,0.6939,9.7588,0.3134,0.0232,0.0119,0.0756,0.0325,-0.1016,74906.984,14.91,-13.54,-40.18,227.8,-4.06,3.96,5,991.36,58.99,46.167957,15.859882,864.61,NaN,,0,12.226105,,16 / 22,67004,2022-07-15 14:03:06:071
-0.8381,0.5928,10.2395,-0.7195,0.6577,9.7581,-0.2238,0.06,0.0471,-0.0432,-0.0134,0.0851,75595.01,15.28,-13.76,-39.43,226.97,-3.85,4.22,5,991.37,50.511,46.167957,15.859882,864.61,NaN,,0,12.226105,,16 / 22,67505,2022-07-15 14:03:06:572
-0.4397,0.9284,9.4409,-0.6349,0.6984,9.7611,0.0962,0.0596,-0.1712,0.0295,-0.1011,0.04,75067.97,13.5,-14.79,-39.26,223.33,-4.08,3.72,5,991.37,65.029,46.167957,15.859882,864.61,NaN,,0,12.226105,,15 / 22,68004,2022-07-15 14:03:07:071
-0.4313,0.6371,9.6844,-0.6206,0.6019,9.7685,-0.1171,-0.0852,0.2687,0.006,-0.0134,0.0747,74167.99,14.34,-14.27,-40.22,224.52,-3.32,3.66,5,991.36,52.545,46.167957,15.859882,864.61,NaN,,0,12.226105,,15 / 22,68506,2022-07-15 14:03:07:573
0.0323,0.408,9.1663,-0.2006,0.5776,9.7876,-0.2432,-0.4188,0.5633,0.2006,0.0583,0.0328,71707.01,12.53,-14.08,-40.71,226.48,-3.38,1.17,5,991.37,69.592,46.167957,15.859882,864.61,NaN,,0,12.226105,,15 / 22,69004,2022-07-15 14:03:08:071
-0.3368,0.5067,10.2114,-0.4002,0.5675,9.782,0.315,0.1214,-0.4633,-0.0826,0.0201,0.0197,73501.02,12.38,-14.89,-40.71,219.36,-3.32,2.34,5,991.37,63.841,46.167957,15.859882,864.61,NaN,,0,12.226105,,15 / 22,69504,2022-07-15 14:03:08:571
-0.4247,0.5755,9.8261,-0.4878,0.6276,9.7744,-0.1685,-0.1118,0.1973,0.0431,-0.0085,-0.0076,74101.03,12.79,-14.66,-40.05,221.62,-3.67,2.86,5,991.37,59.402,46.167957,15.859882,864.61,NaN,,0,12.226105,,15 / 22,70004,2022-07-15 14:03:09:071
-0.5779,0.6479,9.871,-0.5924,0.6188,9.7692,-0.0328,0.0159,0.0237,-0.0099,0.0337,0.0147,74278.016,13.65,-14.34,-40.05,225.73,-3.61,3.26,5,991.36,46.458,46.167957,15.859882,864.61,NaN,,0,12.226105,,15 / 22,70505,2022-07-15 14:03:09:572
-0.4211,0.8291,10.3854,-0.5615,0.6976,9.7657,-0.2767,0.1559,-0.1433,0.0244,-0.2046,0.2511,74533.03,14.1,-14.12,-40.22,226.55,-4.08,3.29,5,991.36,51.414,46.167957,15.859882,864.61,NaN,,0,12.226105,,16 / 22,71005,2022-07-15 14:03:10:072
-0.5246,0.6497,10.0678,-0.3424,0.5504,9.7852,0.3162,-0.2597,0.347,-0.0783,0.1298,-0.0263,73237.03,11.79,-14.61,-40.84,219.84,-3.22,2,5,991.36,53.115,46.167957,15.859882,864.61,NaN,,0,12.226105,,16 / 22,71506,2022-07-15 14:03:10:573
-0.5139,0.6323,10.0199,-0.5294,0.6276,9.7722,0.0208,-0.0626,0.0879,0.0848,0.0378,-0.1233,73881.99,12.98,-14.29,-40.54,223.59,-3.67,3.1,5,991.35,48.026,46.167957,15.859882,864.61,NaN,,0,12.226105,,16 / 22,72004,2022-07-15 14:03:11:071
-0.7382,0.9697,10.0104,-0.6604,0.7221,9.7577,0.1289,0.1759,0.0645,-0.0213,0.0407,0.017,75222,14.06,-14.7,-39.77,223.33,-4.07,3.71,5,991.36,64.499,46.167957,15.859882,864.61,NaN,,0,12.226105,,16 / 22,72504,2022-07-15 14:03:11:571
0.1663,1.4387,8.9809,-0.5202,0.7858,9.7613,-0.169,-0.0231,0.1939,-0.035,-0.1828,-0.0405,75471.01,14.78,-14.16,-39.66,230.24,-4.6,3.05,5,991.36,58.417,46.167957,15.859882,864.61,NaN,,0,12.226105,,16 / 22,73005,2022-07-15 14:03:12:072
-0.8578,1.2473,9.5689,-0.5979,0.7717,9.7579,-0.4199,0.0391,-0.731,0.1566,0.0128,-0.0102,75661.02,13.5,-14.04,-40.33,226.88,-4.05,3.06,5,991.37,65.227,46.167957,15.859882,864.61,NaN,,0,12.226105,,16 / 22,73505,2022-07-15 14:03:12:572
-0.5659,0.8016,10.0851,-0.1172,0.7193,9.7795,-0.221,-0.0594,0.3779,-0.007,-0.0399,-0.0982,74306.03,11.68,-14.42,-40.93,226.35,-4.41,0.96,5,991.37,42.059,46.167957,15.859882,864.61,NaN,,0,12.226105,,16 / 22,74004,2022-07-15 14:03:13:071
0.1454,0.9799,9.5611,-0.0308,0.7182,9.7803,0.0259,0.0687,-0.2753,-0.0189,-0.0235,0.0118,73918.984,11.74,-14.74,-40.48,224.31,-4.81,1,5,991.38,61.907,46.167957,15.859882,864.61,NaN,,0,12.226105,,16 / 22,74504,2022-07-15 14:03:13:571
-1.1617,0.676,10.7743,-0.3607,0.6526,9.7783,0.2885,0.1801,-0.716,-0.2305,-0.0377,0.0806,73391,11.96,-15.08,-40.26,220.58,-3.82,2.11,5,991.39,43.867,46.167957,15.859882,864.61,NaN,,0,12.226105,,17 / 22,75004,2022-07-15 14:03:14:071
1.0905,-0.9332,10.617,1.1005,-0.017,9.7447,0.9408,0.5929,1.0384,-0.4498,-0.8129,0.0405,70222.01,11.49,-13.74,-41.47,222.98,-2.37,-0.64,5,991.37,65.064,46.167957,15.859882,864.61,NaN,,0,12.226105,,17 / 22,75505,2022-07-15 14:03:14:572
1.0397,-0.1496,10.8209,0.3792,0.3597,9.7927,0.0241,-0.354,0.1832,-0.0297,0.0697,0.1198,69093,7.37,-12.19,-43.57,221.23,-1.7,-3.11,5,991.37,60.159,46.167957,15.859882,864.61,NaN,,0,12.226105,,17 / 22,76006,2022-07-15 14:03:15:073
-0.3757,0.2776,9.4062,0.4164,0.5115,9.7844,0.4706,-0.1652,-0.185,0.0217,0.1678,-0.0784,72022.03,9.09,-12.96,-42.24,225.15,-3.12,-2.43,5,991.37,48.554,46.167957,15.859882,864.61,NaN,,0,12.226105,,17 / 22,76505,2022-07-15 14:03:15:572
-0.2728,0.1382,10.3478,-0.005,0.5036,9.7937,0.1847,0.19,-0.5246,0.0062,0.0076,-0.2265,72506.01,11.63,-12.73,-41.94,227.32,-3.02,0.45,5,991.37,49.163,46.167957,15.859882,864.61,NaN,,0,12.226105,,16 / 22,77005,2022-07-15 14:03:16:072
0.9709,-0.81,10.3113,-0.1409,0.2654,9.802,-0.7411,-0.4819,0.8946,-0.2087,0.0226,0.0014,72812.99,12.81,-12.3,-41.01,231.89,-2.27,-0.31,5,991.36,59.627,46.167957,15.859882,864.61,NaN,,0,12.226105,,16 / 22,77505,2022-07-15 14:03:16:572
1.0355,0.6078,9.7448,0.3786,0.5826,9.782,0.8666,-0.6802,1.218,0.458,0.0534,0.0199,69393.984,10.61,-12.06,-41.89,227.64,-0.59,-2.32,5,991.38,62.636,46.167957,15.859882,864.61,NaN,,0,12.226105,,17 / 22,78006,2022-07-15 14:03:17:073
-0.0682,-0.35,10.8706,-0.2177,0.2047,9.8021,-0.8747,0.4303,-0.1076,-0.539,0.1697,-0.0859,72205.97,10.43,-13.27,-41.44,226.39,-2.97,-1.99,5,991.39,68.243,46.167957,15.859882,864.61,NaN,,0,12.226105,,17 / 22,78506,2022-07-15 14:03:17:573
-0.5892,0.7059,10.7874,-0.0632,0.2805,9.8024,-0.4925,0.0657,-0.2547,6.00E-04,-0.1333,-0.089,70250.02,13.22,-9.56,-42.06,230.2,0.15,1.17,5,991.38,70.484,46.167957,15.859882,864.61,NaN,,0,12.226105,,18 / 22,79006,2022-07-15 14:03:18:073
-0.3846,-0.6634,9.8824,0.209,0.5081,9.7912,-0.2132,-1.6042,0.6775,0.1696,0.1243,-0.1002,69437.99,12.47,-10.12,-41.89,240.52,-3.33,-1.91,5,991.37,50.862,46.167957,15.859882,864.61,NaN,,0,12.226105,,18 / 22,79506,2022-07-15 14:03:18:573
0.2608,0.3936,10.3322,-0.1945,0.0604,9.8045,1.0466,-0.1422,0.3116,-0.1265,0.1019,0.2796,72777.016,12.94,-12.09,-41.46,226.95,-1.09,1.39,5,991.38,45.296,46.16795,15.859882,861.91,NaN,,1.26,12.226105,211,18 / 22,80004,2022-07-15 14:03:19:071
0.7382,0.8028,9.7232,0.1795,0.6347,9.7844,0.341,0.1667,-0.1497,-0.0854,-0.0234,0.0234,72768.984,12.24,-13.88,-41.12,224.71,-2.81,0.2,5,991.38,52.26,46.16795,15.859882,861.91,NaN,,1.26,12.226105,211,18 / 22,80505,2022-07-15 14:03:19:572
-1.0116,0.6018,9.6658,-0.0861,0.5108,9.793,-0.0905,-0.2629,0.1422,0.0366,0.0922,-0.2394,72637.02,11.04,-14.72,-41.27,220.33,-3.27,0.39,5,991.38,51.656,46.16795,15.859882,861.91,NaN,,1.26,12.226105,211,17 / 22,81005,2022-07-15 14:03:20:072
-0.6173,0.5916,9.6299,-0.6125,0.4408,9.7776,0.043,0.0615,-0.0934,-0.0609,-5.00E-04,-0.0372,73846.016,13.69,-13.11,-40.26,226.7,-2.98,3.51,5,991.37,49.062,46.16795,15.859882,861.91,NaN,,1.26,12.226105,211,17 / 22,81504,2022-07-15 14:03:20:571
-0.0736,0.4522,8.9773,-0.7479,0.2374,9.7752,0.4039,-0.1067,0.2149,0.0713,0.0328,0.0256,72234.99,14.63,-11.83,-40.54,227.86,-1.41,3.99,5,991.37,51.899,46.16795,15.859882,861.91,NaN,,1.26,12.226105,211,17 / 22,82004,2022-07-15 14:03:21:071
-1.3454,-0.8345,10.9543,-0.79,-0.362,9.7681,-0.1134,0.187,-0.1465,-0.0819,0.282,-0.2489,71370.99,16.26,-10.72,-40.07,228.16,0.27,4.93,5,991.39,54.417,46.16795,15.859882,861.91,NaN,,1.26,12.226105,211,17 / 22,82505,2022-07-15 14:03:21:572
-1.0965,-0.7041,10.8132,-0.8477,-0.2765,9.766,0.3266,-0.0303,-0.5073,-0.0054,-0.0918,-0.015,71444.03,17.27,-8.06,-40.48,234.42,1.7,5.76,5,991.38,64.088,46.16795,15.859882,861.91,NaN,,1.26,12.226105,211,17 / 22,83005,2022-07-15 14:03:22:072
-1.5906,-0.5815,10.8682,-0.739,-0.564,9.7625,0.1486,0.2212,-0.102,-0.143,0.1154,-0.0354,70418.03,15.9,-8.12,-41.16,234.5,2.17,3.55,5,991.37,64.572,46.16795,15.859882,861.91,NaN,,1.26,12.226105,211,17 / 22,83505,2022-07-15 14:03:22:572
-1.5703,-1.8802,10.7898,-0.8773,-1.137,9.7009,-0.1124,-0.8064,1.053,-0.0054,-0.0559,-0.2803,68618.01,14.57,-6.06,-40.61,225.5,6.23,5.85,5,991.38,64.673,46.16795,15.859882,861.91,NaN,,1.26,12.226105,211,17 / 22,84005,2022-07-15 14:03:23:072
-0.6664,-0.8219,9.652,-1.0685,-0.8505,9.7111,0.0135,-0.0115,-0.351,-0.0954,0.0867,0.0855,69401.01,15.84,-4.93,-40.16,234.35,4.65,6.13,5,991.37,61.561,46.16795,15.859882,861.91,NaN,,1.26,12.226105,211,17 / 22,84504,2022-07-15 14:03:23:571
-1.1815,-1.3394,9.8363,-1.004,-1.1473,9.6874,0.0818,-0.2957,0.8535,-0.0338,0.0191,-0.0737,68801,18.3,-4.54,-41.04,233.4,6.7,6.29,5,991.38,55.826,46.16795,15.859882,861.91,NaN,,1.26,12.226105,211,16 / 22,85004,2022-07-15 14:03:24:071
-0.9147,-1.0738,9.9793,-0.8974,-0.9234,9.7218,0.0275,-0.2554,0.2258,0.036,-0.0735,0.0996,69284.03,18.39,-3.62,-40.59,238.4,5.93,5.98,5,991.36,60.207,46.16795,15.859882,861.91,NaN,,1.26,12.226105,211,16 / 22,85504,2022-07-15 14:03:24:571
-0.0592,-0.533,8.875,-0.6359,-0.8914,9.7453,0.3291,0.1724,-0.0988,-0.0408,-0.0381,0.0687,69379,16.88,-4.35,-41.27,242.61,4.62,3.83,5,991.38,60.094,46.16795,15.859882,861.91,NaN,,1.26,12.226105,211,16 / 22,86004,2022-07-15 14:03:25:071
-0.88,-1.8843,9.9446,-0.4479,-1.2479,9.7166,-0.0168,-0.2319,0.1976,0.1356,-0.0876,-0.1332,68302.984,16.88,-3.06,-41.04,240.2,7.17,3.65,5,991.37,57.006,46.16795,15.859882,861.91,NaN,,1.26,12.226105,211,16 / 22,86505,2022-07-15 14:03:25:572
-0.6736,-0.7023,9.539,-0.8478,-1.0793,9.7101,-0.289,1.1395,-1.035,0.111,0.1326,-0.4454,68902.99,18.71,-1.31,-40.71,250.1,6.84,3.34,5,991.37,47.77,46.16795,15.859882,861.91,NaN,,1.26,12.226105,211,16 / 22,87006,2022-07-15 14:03:26:073
-0.1842,0.0293,10.3944,-1.1971,-0.5989,9.7149,0.337,0.5094,-0.3762,-0.1193,0.0136,0.0964,70931.03,21.24,1.86,-40.18,268.87,3.16,6.5,5,991.36,63.564,46.16795,15.859882,861.91,NaN,,1.26,12.226105,211,16 / 22,87505,2022-07-15 14:03:26:572
1.197,-1.8562,10.9986,-0.1165,-0.2801,9.802,0.5546,-0.7791,0.8758,0.0799,0.0786,-0.4159,69606,18.3,1.33,-41.08,269.75,1.48,1.57,5,991.38,68.841,46.16795,15.859882,861.91,NaN,,1.26,12.226105,211,15 / 22,88005,2022-07-15 14:03:27:072
0.7573,-1.0134,9.3619,0.2075,-0.6764,9.7811,0.5103,-0.7407,0.341,0.077,0.0343,-0.2419,71005.01,17.89,4.54,-41.94,276.23,4.08,-0.64,5,991.38,41.326,46.16795,15.859882,861.91,NaN,,1.26,12.226105,211,15 / 22,88505,2022-07-15 14:03:27:572
-0.5444,-0.4397,10.666,0.4801,-0.579,9.7778,-1.3839,0.7428,0.2197,-0.0683,0.103,-0.236,67636.016,16.59,9.24,-41.18,286.55,4.37,-4.35,5,991.37,39.622,46.16795,15.859882,861.91,NaN,,1.26,12.226105,211,15 / 22,89005,2022-07-15 14:03:28:072
-0.1017,-1.3938,11.5071,0.481,0.4613,9.784,1.6196,-1.2665,1.9445,0.5934,0.1839,-0.1963,68127.01,15.47,9.9,-41.87,303.27,-1.55,-2.66,5,991.37,54.036,46.16795,15.859882,861.91,NaN,,1.26,12.226105,211,15 / 22,89505,2022-07-15 14:03:28:572
0.6341,-0.6377,12.0718,-0.4312,-0.1825,9.7955,0.0721,-0.6036,-1.6912,-0.8314,-0.104,1.3305,71553.984,15.79,4.39,-42.04,282.77,1.07,2.52,5,991.36,50.872,46.16795,15.859882,861.91,NaN,,1.26,12.226105,211,16 / 22,90004,2022-07-15 14:03:29:071
-0.4594,-0.3799,10.1803,-0.7474,-0.4101,9.7695,0.0535,0.1193,-0.4902,0.0725,0.0454,0.0482,68896.984,17.44,1.28,-41.57,264.31,3.22,3.72,5,991.38,36.86,46.16795,15.859882,861.91,NaN,,1.26,12.226105,211,16 / 22,90504,2022-07-15 14:03:29:571
-0.3912,0.0562,10.4949,-0.2332,0.1023,9.8033,0.8551,-0.3273,-0.018,-0.0198,-0.0296,-0.0404,70822.016,18.39,-1.57,-41.32,265.26,-0.88,2.22,5,991.38,44.979,46.16795,15.859882,861.91,NaN,,1.26,12.226105,211,16 / 22,91004,2022-07-15 14:03:30:071
-0.2985,0.2094,9.7077,-0.3848,0.2254,9.7965,0.0828,0.1163,-0.2588,0.0192,-0.023,-0.0265,71494.99,17.48,-3.17,-41.55,262.15,-1.19,2.31,5,991.37,48.122,46.16795,15.859882,861.91,NaN,,1.26,12.226105,211,16 / 22,91504,2022-07-15 14:03:30:571
-0.3631,0.3254,10.0014,-0.3613,0.2449,9.7969,0.0408,-0.0316,-0.011,7.00E-04,-0.026,0.0117,72563.984,17.72,-3.02,-40.69,263.22,-1.43,2.11,5,991.38,52.843,46.167946,15.859881,859.43,NaN,,0,12.226105,,16 / 22,92004,2022-07-15 14:03:31:071
-0.1328,0.7723,9.8207,0.1176,0.5218,9.7921,-0.367,-0.2934,-0.1126,-0.0349,0.055,0.181,72074.01,16.24,-3.86,-41.08,262.82,-2.76,-0.11,5,991.38,65.16,46.167946,15.859881,859.43,NaN,,0,12.226105,,16 / 22,92504,2022-07-15 14:03:31:571
0.3996,-0.0341,10.544,0.1733,0.338,9.7993,0.2269,-0.2031,0.0297,-0.1419,0.1399,-0.007,71926.99,15.24,-5.51,-41.64,255.76,-2.66,-1.39,5,991.38,46.252,46.167946,15.859881,859.43,NaN,,0,12.226105,,16 / 22,93005,2022-07-15 14:03:32:072
-0.2297,1.331,9.0538,-0.0943,0.4596,9.7954,-0.3886,0.7532,-0.206,0.015,0.0645,-0.4885,71642.01,16.86,-3.86,-41.68,261,-1.75,-0.19,5,991.36,42.552,46.167946,15.859881,859.43,NaN,,0,12.226105,,16 / 22,93504,2022-07-15 14:03:32:571
0.6305,-1.6193,10.7151,-0.3426,0.0579,9.8005,-0.3701,-0.08,1.2399,0.3091,-0.1345,-0.386,72285.01,17.94,3.99,-40.48,284.33,-0.34,2,5,991.39,69.833,46.167946,15.859881,859.43,NaN,,0,12.226105,,16 / 22,94004,2022-07-15 14:03:33:071
-1.0068,0.7573,9.3272,-0.156,0.5644,9.7892,0.5057,0.0353,-1.6753,-0.8382,-0.5283,-0.3173,76012.97,20.19,6.98,-39.69,295.96,-3.12,1.58,5,991.38,35.759,46.167946,15.859881,859.43,NaN,,0,12.226105,,16 / 22,94505,2022-07-15 14:03:33:572
0.7567,0.2231,9.6634,0.3696,-0.2025,9.7976,0.1587,0.4301,-0.9617,-0.2003,-0.0257,-1.0922,74415.984,16.5,15,-40.22,307.94,0.75,-2.27,5,991.39,43.151,46.167946,15.859881,859.43,NaN,,0,12.226105,,17 / 22,95004,2022-07-15 14:03:34:071
0.1047,-0.2249,10.5045,0.4571,0.2767,9.7921,-0.6656,-0.779,0.7097,0.1882,-0.2287,-0.6103,70484.984,5.66,23.18,-41.42,343.38,-2.37,-1.91,5,991.42,44.496,46.167946,15.859881,859.43,NaN,,0,12.226105,,17 / 22,95504,2022-07-15 14:03:34:571
-1.4351,1.7486,9.5282,-0.1301,0.5723,9.7891,-0.0397,0.4354,1.0064,0.3167,0.1167,0.1433,69788.99,0.24,23.25,-41.83,1.26,-3.35,0.76,5,991.42,53.396,46.167953,15.859875,858.72,NaN,,3.46,12.226105,344.4,17 / 22,96004,2022-07-15 14:03:35:071
-0.3057,1.4441,11.3539,-0.0681,1.7886,9.6419,-0.1014,-0.6569,1.8645,0.3099,-0.7653,-0.3067,66751.02,4.01,21.53,-42.04,357.62,-9.52,3.82,5,991.44,52.84,46.167953,15.859875,858.72,NaN,,3.46,12.226105,344.4,17 / 22,96505,2022-07-15 14:03:35:572
-1.5805,2.1541,10.6343,-0.2763,1.3547,9.7087,0.0165,0.1278,0.6237,0.0732,0.3382,0.232,66391.99,-1.67,19.88,-43.22,4.58,-8.87,0.15,5,991.44,45.738,46.16796,15.859874,860.79,NaN,,4,12.226105,357.1,17 / 22,97005,2022-07-15 14:03:36:072
2.059,1.7527,11.1027,0.4798,1.5306,9.6746,1.1389,0.2611,0.6518,0.0825,0.193,-0.6194,65455.02,-1.42,22.43,-42.17,355.97,-8.15,-4.03,5,991.46,50.136,46.16796,15.859874,860.79,NaN,,4,12.226105,357.1,17 / 22,97504,2022-07-15 14:03:36:571
-0.8369,-2.0393,13.2521,-0.5001,0.8595,9.7561,0.1061,-1.143,-0.4042,0.0305,-0.129,0.5266,71810.016,-2.66,24.6,-41.29,10.14,-5.03,2.93,5,991.46,45.27,46.167973,15.859873,858.68,NaN,,4.43,12.226105,2.6,17 / 22,98004,2022-07-15 14:03:37:071
-0.4618,0.4851,8.9049,-1.0413,1.3396,9.6588,2.0884,0.6166,-2.9722,0.7077,-0.2181,0.0471,70110.97,-0.45,22.78,-41.32,10.1,-4.63,6.54,5,991.45,51.288,46.167973,15.859873,858.68,NaN,,4.43,12.226105,2.6,17 / 22,98504,2022-07-15 14:03:37:571
0.3517,0.9829,11.144,-0.1522,1.4137,9.703,-1.074,0.7436,-2.6984,-0.2146,0.1416,0.6954,68550.98,-8.23,18.69,-40.16,17.3,-6.12,-1.12,5,991.4,45.74,46.167984,15.859873,859.16,NaN,,5.22,12.226105,0,17 / 22,99004,2022-07-15 14:03:38:071
0.923,3.1137,9.3003,0.6494,2.2128,9.5316,0.6325,0.8452,-1.7789,-0.3107,0.5095,0.0138,60286.008,-12.04,13.07,-43.5,18.62,-12.65,-5.9,5,991.46,45.63,46.167984,15.859873,859.16,NaN,,5.22,12.226105,0,17 / 22,99504,2022-07-15 14:03:38:571
-0.6981,2.5214,8.8469,-0.1537,1.8003,9.6388,-0.219,-0.2916,-0.8851,0.5246,0.1382,0.1823,63777.984,-1.48,17.06,-44.04,3.93,-10.58,0.91,5,991.47,43.819,46.168,15.859872,859.05,NaN,,4.97,12.226105,357.4,16 / 22,100004,2022-07-15 14:03:39:071
-3.5001,2.9521,7.6235,-2.7221,2.3515,9.1231,0.4012,-0.7141,-0.8411,-0.2283,1.0101,-0.0525,67935.984,3.51,14.48,-44.64,8.73,-15.21,10.02,5,991.47,38.338,46.168,15.859872,859.05,NaN,,4.97,12.226105,357.4,16 / 22,100506,2022-07-15 14:03:39:573
0.792,0.472,9.4834,0.3129,-0.6136,9.7824,-0.4689,0.8986,-1.8926,-1.2526,-0.8425,0.8211,73610.98,5.63,18.88,-42.02,352.88,-2.6,4.6,5,991.49,42.409,46.168015,15.859869,856.38,NaN,,5.08,12.226105,356.3,15 / 21,101004,2022-07-15 14:03:40:071
0.4516,1.0002,6.3206,0.429,1.0246,9.7435,-0.3073,-0.1664,-2.998,0.4129,-0.2479,-0.2107,68603.02,-1.76,25.31,-40.46,3.13,-3.48,-0.72,5,991.5,46.642,46.168015,15.859869,856.38,NaN,,5.08,12.226105,356.3,15 / 21,101504,2022-07-15 14:03:40:571
-1.3149,1.602,7.5685,0.3834,0.2328,9.7964,0.0761,0.386,-1.8062,-0.1556,-0.2016,-0.1307,8279.011,-2.44,23.72,-41.55,0.82,-1.36,-2.24,5,991.48,49.024,46.168034,15.859864,856.72,NaN,,5.44,12.226105,355.5,15 / 21,102004,2022-07-15 14:03:41:071
-0.3763,0.6622,5.8475,-0.2729,0.4945,9.7904,-0.686,-0.7182,-1.9259,0.3674,-0.2985,0.1243,70139.99,0.43,25.71,-40.56,7.35,-0.92,4.81,5,991.51,40.218,46.168034,15.859864,856.72,NaN,,5.44,12.226105,355.5,15 / 21,102505,2022-07-15 14:03:41:572
-1.1312,2.2241,7.4782,-0.0932,0.3338,9.8005,-1.2626,1.0037,-2.8236,-0.1821,-0.325,0.3533,9651.016,0.28,24.17,-42.04,2.54,-1.27,1.51,5,991.51,40.035,46.168045,15.859861,856.07,NaN,,5.51,12.226105,355,13 / 19,103004,2022-07-15 14:03:42:071
-0.4582,2.7942,4.0044,-0.5778,0.9304,9.7453,1.3692,-1.4812,2.5649,-0.1195,0.0023,0.1304,70667.98,2.64,22.31,-42.22,358.87,-5.44,3.39,5,991.57,44.646,46.168045,15.859861,856.07,NaN,,5.51,12.226105,355,13 / 19,103504,2022-07-15 14:03:42:571
-2.3934,2.2403,7.0379,-0.7193,-0.1414,9.7792,0.3639,0.2948,-0.8338,0.0244,-0.0843,0.1558,11776.995,2.63,22.8,-41.47,0.04,0.83,4.21,5,991.56,52.711,46.16806,15.859856,855.78,NaN,,5.69,12.226105,354.1,13 / 19,104004,2022-07-15 14:03:43:071
0.4415,0.9637,6.4367,-1.5368,0.1219,9.6847,1.0223,-0.1111,-2.2901,0.1212,0.2114,0.5857,76261.03,4.95,24.17,-40.18,2.57,-0.13,8.66,5,991.62,55.436,46.16806,15.859856,855.78,NaN,,5.69,12.226105,354.1,13 / 19,104505,2022-07-15 14:03:43:572
-2.1697,2.3408,6.676,-1.191,-0.8628,9.6957,-0.4942,1.4515,-1.1336,0.0471,-0.0822,-0.0647,80742.016,9.71,25.05,-39.45,345.1,7.52,6.96,5,991.6,47.891,46.168076,15.859848,856.82,NaN,,5.65,12.226105,344.6,14 / 20,105005,2022-07-15 14:03:44:072
-1.4124,-1.6391,7.3998,-2.8125,-0.7662,9.3634,2.2867,1.0747,-0.6199,0.9756,-0.283,0.0993,80214.98,10.54,27.81,-37.43,0.25,4.48,16.72,5,991.6,46.171,46.168076,15.859848,856.82,NaN,,5.65,12.226105,344.6,14 / 20,105504,2022-07-15 14:03:44:571
-0.7926,0.9206,9.2638,-0.6817,-0.9024,9.7412,0.3984,0.9682,1.8114,0.6572,-0.1874,-0.0248,78187.01,10.37,25.99,-39.15,341.94,5.28,4,5,991.6,50.008,46.168087,15.85984,856.59,NaN,,5.65,12.226105,346.6,14 / 20,106005,2022-07-15 14:03:45:072
0.2662,0.7938,7.9783,-1.407,0.4966,9.6925,1.7555,0.274,-2.4222,-0.1847,0.1659,-0.018,74664.99,7.03,24.77,-40.11,359.21,-4.79,9.37,5,991.63,51.32,46.168087,15.85984,856.59,NaN,,5.65,12.226105,346.6,14 / 20,106504,2022-07-15 14:03:45:571
-0.9547,1.6756,6.5426,-0.858,0.0682,9.7688,-0.091,0.8127,-1.3294,-0.1881,-0.0909,0.0029,76064,7.03,23.12,-40.8,353.88,-1.26,6.16,5,991.64,51.914,46.168102,15.859833,855.16,NaN,,5.62,12.226105,346.3,Dec-19,107005,2022-07-15 14:03:46:072
-0.4439,0.5384,5.3222,-1.439,0.5438,9.6852,0.1893,-0.6274,2.7048,0.5712,-0.2691,0.1394,74841.03,8.23,24.23,-40.12,355.56,-3.18,8.45,5,991.68,60.562,46.168102,15.859833,855.16,NaN,,5.62,12.226105,346.3,Dec-19,107504,2022-07-15 14:03:46:571
-0.4062,1.1486,7.3472,-1.0709,-0.4164,9.7391,-0.3294,-0.4147,1.6147,0.1556,-0.1237,0.2367,75785.02,6.69,22.73,-40.73,353.34,2.43,6.27,5,991.64,55.358,46.168118,15.859824,854.77,NaN,,5.87,12.226105,346.3,Dec-19,108004,2022-07-15 14:03:47:071
0.329,0.8309,6.1065,-1.3626,0.2918,9.7071,0.8898,-0.9129,-0.5759,-0.9717,-0.0047,-0.3416,77952.984,6.99,24.98,-39.51,359.37,-3.19,9.5,5,991.67,55.926,46.168118,15.859824,854.77,NaN,,5.87,12.226105,346.3,Dec-19,108505,2022-07-15 14:03:47:572
-1.1121,1.3579,6.2931,-0.8957,-0.0828,9.7653,0.1694,0.5998,-0.9611,-0.4042,0.4443,0.1796,30039.996,5.7,23.42,-40.61,352.89,-0.33,4.31,5,991.67,52.646,46.16813,15.859815,857.29,NaN,,5.83,12.226105,344.5,Dec-19,109005,2022-07-15 14:03:48:072
-1.3316,-0.3099,7.3789,-1.3002,0.4609,9.7091,0.4135,0.2947,3.0493,0.4346,-0.1814,0.0042,76210,8.4,24.17,-40.09,354.22,-2.69,7.63,5,991.7,44.101,46.16813,15.859815,857.29,NaN,,5.83,12.226105,344.5,Dec-19,109505,2022-07-15 14:03:48:572
-0.8154,0.612,8.0136,-0.8023,-0.4104,9.7652,0.4964,-0.161,2.9884,-0.5896,-0.0986,-0.0247,13633.989,7.73,23.61,-40.14,348.1,2.4,4.7,5,991.68,45.681,46.168144,15.859807,856.15,NaN,,6.08,12.226105,341.6,Dec-19,110005,2022-07-15 14:03:49:072
-0.7382,0.7448,6.5127,-1.5894,-0.0279,9.6769,0.3496,-0.6169,-0.9615,-0.0743,0.2087,0.0929,80207.016,8.76,26.46,-39.17,355.04,-1.03,9.67,5,991.72,45.135,46.168144,15.859807,856.15,NaN,,6.08,12.226105,341.6,Dec-19,110505,2022-07-15 14:03:49:572
-0.5647,1.4698,6.9667,-1.1745,-0.1562,9.7348,-0.1544,-0.0438,0.0523,0.0887,-0.0925,0.2037,50627.027,8.87,24,-39.86,351.55,0.6,7.78,5,991.7,46.335,46.168156,15.859797,856.13,NaN,,5.8,12.226105,335.1,Dec-19,111005,2022-07-15 14:03:50:072
-1.806,0.0664,8.147,-1.7774,0.3766,9.6369,-0.4252,-0.7762,4.3775,-0.2551,-0.0954,-0.121,77711,9.34,24,-39.79,356.43,-2.2,10.45,5,991.74,53.643,46.168156,15.859797,856.13,NaN,,5.8,12.226105,335.1,Dec-19,111505,2022-07-15 14:03:50:572
-0.5276,-0.283,10.3735,-1.6544,-0.6884,9.6416,-0.8829,-1.2241,4.8231,-0.3865,0.6295,0.1578,54853,9,25.73,-39.11,354.38,4.03,9.74,5,991.73,48.015,46.168167,15.859786,855.36,NaN,,5.87,12.226105,339.1,Dec-19,112005,2022-07-15 14:03:51:072
-1.5452,-0.1878,7.1001,-1.6773,0.0716,9.6619,0.1308,-0.5711,3.3754,-0.204,-0.12,-0.1311,78883,9.96,26.1,-38.27,354.82,-3.24,11.02,5,991.72,51.65,46.168167,15.859786,855.36,NaN,,5.87,12.226105,339.1,Dec-19,112504,2022-07-15 14:03:51:571
-1.8168,0.2315,8.0925,-1.3073,-0.028,9.7191,1.1496,0.6092,0.6662,-0.6661,0.2623,-0.0376,76699.984,8.04,23.04,-40.48,353.4,-3.12,7.21,5,991.73,47.826,46.16818,15.859776,855.52,NaN,,5.87,12.226105,343.4,Dec-19,113004,2022-07-15 14:03:52:071
-0.7244,-0.8506,8.8098,-1.8826,0.5254,9.6099,-0.1195,0.019,3.085,-0.6026,0.1446,-0.3012,79154.016,10.56,23.79,-39.58,353.24,-3.07,11.08,5,991.74,55.014,46.16818,15.859776,855.52,NaN,,5.87,12.226105,343.4,Dec-19,113504,2022-07-15 14:03:52:571
-1.2604,-0.2967,10.1958,-1.5924,0.2534,9.6732,0.5301,0.1072,3.4791,-0.297,0.376,-0.7785,73582.02,9.41,23.44,-39.77,354.34,-1.48,9.35,5,991.76,54.189,46.168194,15.859765,855.67,NaN,,5.87,12.226105,334.5,Dec-19,114004,2022-07-15 14:03:53:071
-3.3559,-1.8598,11.5956,-2.2084,-0.111,9.5541,-0.0811,-0.2239,3.2196,-0.6832,-0.045,0.0455,79483.01,8.57,23.63,-39.43,358.46,-4.45,11.95,5,991.77,52.64,46.168194,15.859765,855.67,NaN,,5.87,12.226105,334.5,Dec-19,114504,2022-07-15 14:03:53:571
0.7113,-0.7202,11.5352,-1.105,-0.9235,9.7003,0.2011,-1.8892,5.1737,-0.9926,0.6141,-0.3322,77118.01,10.69,24.58,-38.87,345.25,-1.4,6.04,5,991.82,47.109,46.168205,15.859754,854.88,NaN,,5.87,12.226105,332.2,Dec-18,115004,2022-07-15 14:03:54:071
-1.6947,-1.0325,13.3292,-1.8543,0.2506,9.6265,-1.8402,-0.4442,2.326,-0.4003,0.4861,-0.1074,77805.97,9.9,27.04,-37.31,354.24,-1.46,10.9,5,991.8,57.082,46.168205,15.859754,854.88,NaN,,5.87,12.226105,332.2,Dec-18,115504,2022-07-15 14:03:54:571
-2.5962,-1.6205,13.3406,-2.3142,-0.4723,9.518,0.0722,0.2807,1.7289,-0.4601,1.134,-0.1184,80031.984,13.73,27.17,-35.83,348.53,2.76,13.67,5,991.81,54.434,46.168217,15.859743,854.93,NaN,,5.98,12.226105,331.8,Dec-18,116004,2022-07-15 14:03:55:071
-0.6479,-0.1597,13.2323,-1.9912,0.0308,9.6023,-0.6025,-0.4144,3.9074,-0.3278,0.0399,0.0299,80208.02,13.82,28.01,-33.41,345.34,-3.09,10.41,5,991.8,52.652,46.168217,15.859743,854.93,NaN,,5.98,12.226105,331.8,Dec-18,116504,2022-07-15 14:03:55:571
-2.4915,-0.2776,13.0816,-1.2878,0.0813,9.7214,0.0891,-0.767,-1.7683,0.0462,0.8647,-0.6488,79629.01,9.53,24.49,-35.27,347.66,-0.48,7.55,5,991.83,49.394,46.16823,15.859733,854.85,NaN,,5.72,12.226105,332.3,Dec-18,117004,2022-07-15 14:03:56:071
-2.3952,0.4319,11.7242,-1.9355,0.6539,9.5915,-0.9038,-0.3009,-0.3647,-0.5009,-0.1,0.0372,79885.984,11.48,25.5,-36.9,353.07,-3.82,11.41,5,991.83,47.732,46.16823,15.859733,854.85,NaN,,5.72,12.226105,332.3,Dec-18,117504,2022-07-15 14:03:56:571
-0.5785,0.4164,12.4313,-1.053,0.2508,9.7467,-0.5559,-0.9488,1.4104,0.1494,-0.1558,-0.2689,74679.98,12.23,25.39,-38.06,343.2,-1.47,6.17,5,991.84,51.601,46.16824,15.859726,854.09,NaN,,5.9,12.226105,337.6,Dec-18,118005,2022-07-15 14:03:57:072
-3.2782,-1.255,15.4211,-1.7851,0.4468,9.6324,-2.1839,-0.961,3.6925,0.4229,0.7054,0.6781,78194.03,10.14,26.1,-38.83,349.81,-3.1,7.17,5,991.82,52.56,46.16824,15.859726,854.09,NaN,,5.9,12.226105,337.6,Dec-18,118506,2022-07-15 14:03:57:573
-0.3697,0.4504,14.8074,-0.8825,0.6311,9.7464,0.0916,-0.2852,-0.999,-0.4941,1.1474,-0.0674,73259.98,10.28,23.78,-39.37,346.34,-3.69,5.17,5,991.85,57.472,46.168255,15.859719,853.89,NaN,,5.9,12.226105,338.7,Dec-19,119004,2022-07-15 14:03:58:071
-2.3934,1.0169,12.7448,-1.4505,0.6261,9.6786,-1.0248,0.47,-0.8163,-0.0841,0.3441,0.3658,76137.03,9.13,24.68,-39.13,353.53,-3.66,8.52,5,991.85,47.458,46.168255,15.859719,853.89,NaN,,5.9,12.226105,338.7,Dec-19,119504,2022-07-15 14:03:58:571
-1.2479,-0.661,12.1418,-1.0002,0.4107,9.7469,0.2386,-1.3311,-0.6544,0.4404,-0.3344,-0.3806,77411.03,12.39,25.41,-38.57,343.38,-2.4,5.86,5,991.87,51.404,46.168266,15.85971,854.43,NaN,,5.87,12.226105,338.3,13 / 19,120004,2022-07-15 14:03:59:071
-0.3045,-0.5755,14.2439,-1.3183,0.5428,9.7025,-0.9357,-1.3759,1.4973,0.5732,-0.2101,0.228,76086,11.34,26.4,-38.25,346.48,0.17,7.09,5,991.89,52.631,46.168266,15.85971,854.43,NaN,,5.87,12.226105,338.3,13 / 19,120504,2022-07-15 14:03:59:571
0.3589,1.9705,12.746,-0.3504,0.6537,9.7786,-0.5156,-0.1833,-2.4637,0.2651,0.3109,-0.0515,74336,7.91,23.55,-39.21,346.05,-3.82,2.05,5,991.88,54.366,46.16828,15.859702,854.15,NaN,,5.98,12.226105,338.5,Dec-19,121005,2022-07-15 14:04:00:072
-3.7346,0.1968,11.6046,-1.3464,1.0042,9.6617,-0.4781,0.7753,-2.3254,0.0764,0.2982,1.0949,75456.02,7.84,25.14,-40.03,355.27,-5.88,7.93,5,991.89,53.699,46.16828,15.859702,854.15,NaN,,5.98,12.226105,338.5,Dec-19,121505,2022-07-15 14:04:00:572
-2.3174,-0.5653,10.2024,-0.7906,0.5894,9.7569,0.5077,-0.3273,-1.1691,0.3982,-0.2611,-0.4924,78619.01,12.88,22.37,-39.15,338.07,-3.45,4.63,5,991.93,55.426,46.168297,15.859695,854.19,NaN,,6.01,12.226105,337.9,Dec-19,122005,2022-07-15 14:04:01:072
-2.053,0.0676,12.1813,-1.5951,0.4137,9.6672,-0.4925,-0.1898,0.8928,0.3736,0.2269,0.0098,77938,10.43,24.17,-38.57,346.35,0.54,6.19,5,991.93,57.371,46.168297,15.859695,854.19,NaN,,6.01,12.226105,337.9,Dec-19,122505,2022-07-15 14:04:01:572
-1.7019,-0.6682,12.2507,-1.1422,0.4015,9.7316,-0.2935,-0.1475,-2.7101,0.1571,-0.115,-0.5008,81211.01,10.73,24.81,-38.23,346.27,-2.35,6.69,5,991.94,49.328,46.16831,15.859688,854.15,NaN,,6.01,12.226105,339.1,Dec-19,123004,2022-07-15 14:04:02:071
-4.0181,-0.7992,11.6554,-1.2493,0.1416,9.7257,-0.644,1.1353,-1.8798,0.2411,0.3227,0.1376,77096.01,6.43,25.73,-38.93,357.88,-0.83,7.32,5,991.93,55.255,46.16831,15.859688,854.15,NaN,,6.01,12.226105,339.1,Dec-19,123504,2022-07-15 14:04:02:571
-0.5737,-0.7017,10.4273,-0.9038,0.4483,9.7546,-0.1588,-0.089,-2.2344,0.3945,-0.2115,-0.1077,75888.02,6.23,25.67,-39.11,355.11,-2.62,5.29,5,991.94,56.218,46.16832,15.859681,853.24,NaN,,6.05,12.226105,340.4,Dec-20,124004,2022-07-15 14:04:03:071
-2.187,2.0883,7.5864,-1.2442,1.1644,9.6575,-0.9233,1.0597,-2.0613,0.8328,-0.3383,0.5189,74687,6.84,25.91,-39.58,357.87,-0.36,8.55,5,991.94,62.91,46.16832,15.859681,853.24,NaN,,6.05,12.226105,340.4,Dec-20,124505,2022-07-15 14:04:03:572
-1.2855,-0.5539,11.3013,-0.9387,0.5271,9.7474,0.6649,-0.0517,-2.2751,0.1678,0.2086,-0.1921,76093.02,8.19,23.96,-40.28,351.03,-3.08,5.5,5,991.96,52.42,46.168335,15.859675,853.17,NaN,,6.23,12.226105,339.7,13 / 20,125006,2022-07-15 14:04:04:073
-1.2586,1.4447,7.7815,-1.1718,-0.0698,9.7361,-0.6447,1.1331,-1.5965,0.4204,-0.0507,-0.1213,77938,5.66,25.76,-38.85,357.11,0.41,6.86,5,991.95,61.226,46.168335,15.859675,853.17,NaN,,6.23,12.226105,339.7,13 / 20,125505,2022-07-15 14:04:04:572
-0.0808,1.3041,8.3581,-1.2014,0.6519,9.7109,0.2747,-0.1368,-2.1264,0.9693,-0.5923,0.4518,83849.99,9.02,27.45,-37.86,351.78,-3.81,7.05,5,991.97,57.583,46.16835,15.85967,853.78,NaN,,6.12,12.226105,339.4,13 / 20,126005,2022-07-15 14:04:05:072
-0.347,2.26,7.7468,-0.1168,1.2535,9.7255,-0.6105,0.677,-1.254,0.9607,-0.4043,0.1371,7973.9785,5.81,24.06,-40.22,349.85,0.01,2.43,5,992,58.784,46.16835,15.85967,853.78,NaN,,6.12,12.226105,339.4,13 / 20,126505,2022-07-15 14:04:05:572
1.1013,1.8132,9.1292,0.0853,1.2262,9.7293,0.2245,-0.8024,-1.8436,0.2505,-0.1383,0.0404,7298.0327,1.11,21.9,-41.94,357.11,-7.18,-0.5,5,992.02,59.172,46.16837,15.859666,854.72,NaN,,5.72,12.226105,340.9,13 / 20,127004,2022-07-15 14:04:06:071
-1.3633,2.2427,7.873,0.3487,1.2206,9.7241,0.5127,0.9235,-3.0147,0.1145,0.2011,-4.00E-04,6471.023,-1.93,21.54,-42.36,1.44,-4.4,-1.87,5,992.03,53.377,46.16837,15.859666,854.72,NaN,,5.72,12.226105,340.9,13 / 20,127505,2022-07-15 14:04:06:572
-0.0377,2.5813,5.5256,0.9236,1.8371,9.5887,0.9057,-0.3287,-1.482,0.8194,-0.4077,0.2563,6245.9775,4.24,18.36,-43.39,342.45,-10.8,-5.5,5,991.97,56.814,46.16838,15.859662,854.45,NaN,,5.8,12.226105,338.6,15 / 20,128004,2022-07-15 14:04:07:071
-0.122,2.3342,7.474,0.4174,1.6883,9.6512,-0.7132,0.4576,-2.8469,0.1145,0.0483,-0.2241,6549.9976,-5.96,14.76,-43.97,8.36,-6.98,-3.92,5,992.02,55.362,46.16838,15.859662,854.45,NaN,,5.8,12.226105,338.6,15 / 20,128504,2022-07-15 14:04:07:571
-0.3876,1.2514,7.1438,-0.4676,1.2545,9.7148,0.4904,-0.3619,-0.816,0.2736,-0.3842,-0.2056,6981.9976,-6.06,17.89,-43.03,19.08,-7.35,2.76,5,992.03,55.107,46.168392,15.859656,852.67,NaN,,5.8,12.226105,336,15 / 20,129005,2022-07-15 14:04:08:072
-2.1051,1.3149,7.8981,-0.6382,0.6038,9.7672,1.1817,-0.0498,0.7213,-0.4777,0.191,-0.2847,7550.0103,-3.07,19.71,-42.43,14.11,-5.61,4.14,5,992.04,50.576,46.168392,15.859656,852.67,NaN,,5.8,12.226105,336,15 / 20,129504,2022-07-15 14:04:08:571
-0.4164,0.9601,6.1896,-0.083,1.4366,9.7005,0.4343,-0.811,-2.0835,-0.1026,0.0099,-0.1944,7352.0327,-8.12,17.79,-41.12,20.93,-9.11,1.77,5,992.05,38.02,46.168407,15.859651,850.28,NaN,,6.01,12.226105,343.6,15 / 20,130004,2022-07-15 14:04:09:071
-0.6502,1.6588,5.9533,0.1499,1.0419,9.75,-0.6328,0.5043,-3.6332,0.119,-0.2302,0.1421,7469.0103,-2.34,19.8,-41.55,4.31,-7.66,-0.12,5,992.04,52.873,46.168407,15.859651,850.28,NaN,,6.01,12.226105,343.6,15 / 20,130506,2022-07-15 14:04:09:573
-0.6694,0.8381,6.3721,-0.3994,1.0508,9.742,0.2128,-0.2732,1.1937,-0.0706,-0.4477,-0.1317,7890.008,-0.81,21.17,-41.94,6.12,-6.15,2.35,5,992.08,37.884,46.168427,15.85965,854.16,NaN,,6.08,12.226105,356.2,16 / 21,131004,2022-07-15 14:04:10:071
-0.1196,1.2927,6.6712,-0.3876,-0.1271,9.7982,1.7272,0.3923,2.5099,-0.5747,0.3618,0.0875,7924.028,-2.76,24.04,-41.08,8.47,-2.23,1.13,5,992.08,52.027,46.168427,15.85965,854.16,NaN,,6.08,12.226105,356.2,16 / 21,131504,2022-07-15 14:04:10:571
-0.9727,0.4989,7.2395,-1.0377,0.9386,9.7063,1.1138,-0.1888,-1.8493,0.1643,0.1333,0.2976,8330.985,-1.44,24.06,-40.22,10.41,-5.67,5.9,5,992.07,50.75,46.168446,15.859651,854.13,NaN,,5.94,12.226105,355.3,16 / 21,132005,2022-07-15 14:04:11:072
-0.8417,0.5151,10.4752,-0.5926,0.0363,9.7887,0.6113,-1.3441,4.2469,-0.6358,0.1476,-0.7896,9404.033,-0.37,21.23,-40.89,4.25,-6.51,2.65,5,992.07,38.341,46.168446,15.859651,854.13,NaN,,5.94,12.226105,355.3,16 / 21,132505,2022-07-15 14:04:11:572
-0.4672,0.3577,6.8859,-1.712,1.0156,9.6025,-2.2913,-1.7262,3.4575,-0.0612,0.2192,0.6488,9598.973,-12.99,21.81,-38.19,36.52,-6.22,9.4,5,992.08,37.738,46.16846,15.85965,854.72,NaN,,5.94,12.226105,357.4,16 / 21,133006,2022-07-15 14:04:12:073
-2.8271,1.0026,8.7643,-0.5695,-0.0423,9.79,-0.564,0.0833,1.4704,-0.8862,0.0838,-1.1739,9704.003,-9.37,18.17,-40.16,27.04,-7.31,3.85,5,992.07,40.643,46.16846,15.85965,854.72,NaN,,5.94,12.226105,357.4,16 / 21,133504,2022-07-15 14:04:12:571
1.4243,1.5093,9.7047,-1.9982,0.8712,9.5613,-0.7733,-1.2293,2.1172,0.2236,0.6998,0.8804,9791.011,-6.58,23.36,-38.64,28.55,-4.48,10.59,5,992.1,45.27,46.168476,15.859652,854.77,NaN,,5.98,12.226105,5.5,15 / 21,134004,2022-07-15 14:04:13:071
-0.8871,1.4847,10.748,-0.9115,1.2233,9.6873,0.458,0.2652,2.2211,-1.0088,0.3022,-0.4368,9769.006,-1.46,19.63,-42.15,8.09,-11.19,4.02,5,992.08,38.011,46.168476,15.859652,854.77,NaN,,5.98,12.226105,5.5,15 / 21,134504,2022-07-15 14:04:13:571
-0.6562,-0.9691,11.3886,-0.7796,1.4693,9.6646,-0.6869,0.3537,4.4902,-0.6571,0.1814,-0.4137,9972.99,-4.46,21.77,-40.8,17.57,-6.7,6.21,5,992.12,38.514,46.16849,15.859654,852.94,NaN,,5.9,12.226105,4.9,15 / 21,135006,2022-07-15 14:04:14:073
0.7657,1.1821,12.198,-0.9566,0.9122,9.7172,0.1455,1.1642,2.9357,-0.3153,0.4617,-0.5629,10035.022,-7.69,18,-41.25,21.93,-9.34,2.53,5,992.07,33.428,46.16849,15.859654,852.94,NaN,,5.9,12.226105,4.9,15 / 21,135505,2022-07-15 14:04:14:572
-2.0554,-0.7645,12.4164,-1.6808,0.3503,9.6552,0.6087,-0.6325,4.3607,-0.7881,0.2531,-0.1287,10127.025,-8.83,20.19,-40.65,30.45,-7.4,8.03,5,992.1,34.336,46.168507,15.859659,854.48,NaN,,6.34,12.226105,12.7,15 / 21,136005,2022-07-15 14:04:15:072
0.7178,2.1685,13.3567,-0.7939,1.5946,9.6435,0.7005,0.5682,1.7342,-0.0102,0.5447,-0.5867,27828.969,-8.08,19.86,-41.16,23.45,-8.92,4.61,5,992.09,36.284,46.168507,15.859659,854.48,NaN,,6.34,12.226105,12.7,15 / 21,136505,2022-07-15 14:04:15:572
-0.1424,1.1551,10.4991,-1.3554,1.6242,9.5758,-2.7075,0.2651,2.6808,-0.5008,0.1067,0.2698,10655.011,-15.81,14.21,-40.73,41.31,-11.47,4.25,5,992.11,37.683,46.168526,15.85967,854.38,NaN,,6.12,12.226105,19.2,14 / 21,137005,2022-07-15 14:04:16:072
-0.9835,1.3819,10.8975,-0.8702,1.4382,9.6615,-0.0343,-0.3054,3.0206,0.2014,0.1371,-0.2904,68116.01,-22.42,13.48,-40.01,50.87,-10.26,3.2,5,992.11,36.16,46.168526,15.85967,854.38,NaN,,6.12,12.226105,19.2,14 / 21,137504,2022-07-15 14:04:16:571
-3.2225,-0.5713,16.3208,-1.7374,1.3696,9.5538,0.3597,0.0234,5.1918,-0.4126,0.1484,-0.1795,66244.98,-18.08,14.38,-40.95,48.56,-10.26,7.68,5,992.12,31.057,46.16854,15.859682,856.11,NaN,,6.16,12.226105,24.4,14 / 21,138005,2022-07-15 14:04:17:072
-0.0945,2.6453,10.3986,-1.1691,1.7873,9.5713,0.8575,-1.2451,-0.1826,-0.625,0.319,-1.0689,61501.004,-13.46,15.15,-41.87,38.73,-9.94,6.17,5,992.13,33.318,46.16854,15.859682,856.11,NaN,,6.16,12.226105,24.4,14 / 21,138504,2022-07-15 14:04:17:571
-2.5196,-0.1436,12.4128,-1.9243,1.524,9.4945,-0.1378,0.2055,0.3838,0.049,0.5243,0.1537,67475.03,-15.26,14.68,-42.88,46.22,-6.62,7.44,5,992.13,29.481,46.168552,15.859693,854.01,NaN,,6.08,12.226105,25.6,14 / 21,139006,2022-07-15 14:04:18:073
-2.3025,-0.4672,12.9529,-1.0415,0.7088,9.7254,0.3324,-0.4156,1.0386,0.3929,-0.0042,-0.1896,66618.99,-13.42,18.06,-42.19,38.79,-4.87,5.79,5,992.13,38.844,46.168552,15.859693,854.01,NaN,,6.08,12.226105,25.6,14 / 21,139505,2022-07-15 14:04:18:572
-1.057,0.2614,14.9252,-0.8152,1.4825,9.6596,-0.931,-0.4711,3.5744,0.1923,0.1946,-0.2615,68398.02,-24.36,14.33,-41.18,53.84,-7.15,2.56,5,992.2,36.561,46.168564,15.859706,852.56,NaN,,6.01,12.226105,26.3,15 / 21,140004,2022-07-15 14:04:19:071
0.189,0.9547,12.2411,-0.5948,0.8614,9.7506,0.0493,-0.9203,-0.5951,0.467,0.306,-0.2996,68596,-28.01,12.28,-41.01,66.63,-1.94,4,5,992.12,43.069,46.168564,15.859706,852.56,NaN,,6.01,12.226105,26.3,15 / 21,140505,2022-07-15 14:04:19:572
-3.6419,0.2046,11.8253,-1.5539,1.2188,9.6057,-0.2532,0.8464,-0.2092,0.2576,0.2182,-0.1073,63866.004,-27.75,11.51,-41.47,64.52,-4.68,5.26,5,992.16,49.881,46.168575,15.859721,852.01,NaN,,6.08,12.226105,32.5,15 / 21,141004,2022-07-15 14:04:20:071
-0.6269,0.5246,14.7009,-1.0124,1.2223,9.6774,0.6164,0.0845,-0.8954,0.099,-0.5536,-0.3943,64678.977,-23.92,9.73,-42.32,64.72,-7.02,9.64,5,992.19,43.094,46.168575,15.859721,852.01,NaN,,6.08,12.226105,32.5,15 / 21,141504,2022-07-15 14:04:20:571
-4.209,0.679,12.0467,-1.5579,0.8872,9.6414,-1.1423,-0.0459,0.6579,-0.0512,0.1512,0.0131,65309.02,-23.42,11.89,-41.57,59.63,-5.81,5.88,5,992.21,44.921,46.16859,15.859739,852.64,NaN,,6.37,12.226105,41.3,15 / 21,142004,2022-07-15 14:04:21:071
-1.5338,-0.4086,11.6333,-0.7576,0.8994,9.7359,-0.1252,-0.7438,-2.7449,-0.1705,0.1406,-0.3484,67593.016,-16.84,15.21,-42.41,52.31,-3.07,7.2,5,992.21,44.79,46.16859,15.859739,852.64,NaN,,6.37,12.226105,41.3,15 / 21,142504,2022-07-15 14:04:21:571
-2.4796,0.8955,9.2518,-1.1822,0.6541,9.7131,-0.9997,0.6527,-1.689,0.4591,0.0616,0.0094,68889.016,-19.39,14.21,-41.46,58.84,0.37,5.34,5,992.2,45.43,46.1686,15.859758,851.79,NaN,,6.23,12.226105,46.4,14 / 21,143004,2022-07-15 14:04:22:071
-0.3607,0.1484,12.9368,-1.3271,0.8855,9.676,0.8077,0.058,-2.1588,0.1032,-0.0713,-0.1617,64122.027,-16.43,13.63,-42.43,51.34,-5.33,8.43,5,992.2,40.614,46.1686,15.859758,851.79,NaN,,6.23,12.226105,46.4,14 / 21,143504,2022-07-15 14:04:22:571
-3.0329,-0.012,12.6437,-1.0448,1.0518,9.6939,-0.2609,0.4223,-0.6927,0.3768,-0.1654,-0.0273,67922.016,-18.28,13.61,-42.9,55.3,-1.85,5.62,5,992.24,54.067,46.16861,15.859775,852.53,NaN,,6.23,12.226105,43,16 / 21,144005,2022-07-15 14:04:23:072
-0.5779,0.0293,9.6724,-0.7782,0.6949,9.751,-0.3367,-0.142,-2.6198,-0.1288,-0.0903,-0.483,67475.98,-17.91,12.88,-42.13,57.06,-2.24,6.22,5,992.24,51.716,46.16861,15.859775,852.53,NaN,,6.23,12.226105,43,16 / 21,144504,2022-07-15 14:04:23:571
-2.2624,1.6965,7.7809,-1.0513,0.8295,9.7148,0.0806,1.0163,-2.5414,0.5528,-0.1181,-0.1143,66633.98,-20.23,11.55,-41.42,65.06,0.96,6.36,5,992.24,46.122,46.168617,15.859793,852.75,NaN,,5.62,12.226105,53,17 / 21,145004,2022-07-15 14:04:24:071
-0.4923,0.1448,10.0804,-0.7868,0.9801,9.7258,-0.3794,-0.8535,-1.8449,0.3244,-0.3218,-0.059,66832.02,-19.63,9.81,-42.06,62.44,-3.81,5.85,5,992.25,49.707,46.168617,15.859793,852.75,NaN,,5.62,12.226105,53,17 / 21,145504,2022-07-15 14:04:24:571
-2.3916,1.8209,9.0257,-1.1185,0.9027,9.7008,-0.5012,0.1816,-2.6874,0.0987,0.1174,0.0134,63500.02,-20.59,6.3,-41.38,69.61,-5.28,6.58,5,992.25,57.1,46.168625,15.859815,852.96,NaN,,6.3,12.226105,67.5,17 / 21,146004,2022-07-15 14:04:25:071
-0.5139,0.8303,8.7135,-1.1426,0.5721,9.723,0.0825,-0.5404,-3.4466,0.3584,-0.3142,-0.5276,66209,-18.08,7.09,-42.32,72.99,-0.73,9.19,5,992.26,58.946,46.168625,15.859815,852.96,NaN,,6.3,12.226105,67.5,17 / 21,146505,2022-07-15 14:04:25:572
-1.0175,1.8203,7.1264,-1.2125,0.614,9.712,1.049,0.9057,-2.5083,0.4951,-0.1473,0.213,67189.98,-20.94,6.77,-42.3,77.61,1.52,8.88,5,992.26,59.156,46.16863,15.859838,851.74,NaN,,6.19,12.226105,70.2,17 / 21,147005,2022-07-15 14:04:26:072
-0.6987,0.6365,7.1952,-1.2623,0.6414,9.7039,0.5731,-0.113,-2.9835,0.1226,-0.3093,-0.5788,62343,-17.44,6.6,-43.35,71.31,-1.86,10.35,5,992.27,63.051,46.16863,15.859838,851.74,NaN,,6.19,12.226105,70.2,17 / 21,147505,2022-07-15 14:04:26:572
-3.7095,1.5003,6.8758,-0.8579,0.4363,9.7593,0.4381,0.6384,-1.717,0.8329,-0.3836,-0.0175,65110.977,-19.93,3.98,-43.05,76.19,-2.55,5.02,5,992.29,58.35,46.168633,15.859861,851.75,NaN,,6.23,12.226105,75.5,17 / 21,148005,2022-07-15 14:04:27:072
-0.082,0.7693,6.4528,-2.0019,0.6116,9.5806,1.0352,-0.6643,-1.0565,0.8853,-0.4862,0.0193,61384.03,-19.37,0.39,-42.71,86.17,-2.91,13.31,5,992.29,55.548,46.168633,15.859861,851.75,NaN,,6.23,12.226105,75.5,17 / 21,148505,2022-07-15 14:04:27:572
-3.0634,2.083,6.5228,-0.8361,-0.1737,9.7694,-2.0809,0.8477,-1.6427,0.3347,-0.152,-0.0821,66487.03,-18.51,0.32,-42.71,97.6,3.82,2.73,5,992.28,57.621,46.168633,15.859885,851.65,NaN,,6.23,12.226105,81.3,16 / 21,149006,2022-07-15 14:04:28:073
-0.5025,0.7932,8.0309,-2.1207,0.4945,9.5618,2.9587,-0.6935,-2.8412,0.1381,0.3374,0.2047,62093.996,-18.56,-0.19,-42.73,87.64,-1.79,13.29,5,992.32,58.262,46.168633,15.859885,851.65,NaN,,6.23,12.226105,81.3,16 / 21,149505,2022-07-15 14:04:28:572
-3.1567,1.6146,6.8291,-1.6987,-0.4652,9.6472,1.0282,1.3627,-0.303,0.3796,-0.3616,-0.0408,62095.008,-16.22,0.58,-43.78,92.27,2.72,9.99,5,992.32,64.222,46.168633,15.859908,850.95,NaN,,6.01,12.226105,84.6,16 / 21,150005,2022-07-15 14:04:29:072
-0.5318,0.3428,5.9856,-1.7839,-0.2858,9.6388,1.7111,0.0437,-1.5899,0.1623,-0.0098,-0.5004,65272.03,-16.37,3.08,-43.57,85.93,1.81,11.33,5,992.39,66.594,46.168633,15.859908,850.95,NaN,,6.01,12.226105,84.6,16 / 21,150505,2022-07-15 14:04:29:572
-1.0923,0.9948,5.747,-1.4967,-0.6755,9.6682,0.5908,0.5087,-1.2288,0.1062,0.042,0.1458,64730.004,-16.78,2.25,-44.62,96.27,6.48,9.87,5,992.31,54.127,46.168633,15.859931,849.64,NaN,,5.98,12.226105,87.3,16 / 21,151005,2022-07-15 14:04:30:072
-1.2742,-0.8489,6.6311,-1.5813,-0.5161,9.6645,-0.5482,-0.7271,-2.0085,0.6254,-0.4336,0.1187,66422.03,-18.68,2.36,-44.36,93.9,5.62,11.4,5,992.4,66.748,46.168633,15.859931,849.64,NaN,,5.98,12.226105,87.3,16 / 21,151505,2022-07-15 14:04:30:572
-1.3334,1.5936,6.3751,-1.5952,-0.8069,9.6423,0.1855,-0.4567,2.2285,0.1159,-0.027,0.023,65154.98,-17.89,0.24,-43.43,97.47,4.72,9.39,5,992.38,64.557,46.16863,15.859956,849.3,NaN,,6.41,12.226105,97,16 / 21,152005,2022-07-15 14:04:31:072
-0.4044,-0.2907,6.6544,-1.5311,0.0957,9.6859,2.1883,0.3387,-0.1583,-0.1049,-0.1355,-0.3314,63412,-16.03,0.39,-44.23,88.4,-1,12,5,992.42,59.685,46.16863,15.859956,849.3,NaN,,6.41,12.226105,97,16 / 21,152504,2022-07-15 14:04:31:571
-1.5649,0.0562,9.1765,-1.2913,-0.584,9.7037,0.359,1.0188,-1.6269,-0.7244,-0.3141,-0.3493,64196.01,-17.57,-2.98,-43.27,98.09,0.73,9.2,5,992.42,62.739,46.168625,15.859978,847.68,NaN,,6.05,12.226105,101.3,16 / 21,153004,2022-07-15 14:04:32:071
-1.7174,-0.7184,8.6596,-1.8176,-0.5798,9.6193,0.2932,-0.5614,-0.2081,0.1829,0.1559,0.2297,62629,-17.08,-1.95,-44.21,98.96,3.09,12.44,5,992.47,66.135,46.168625,15.859978,847.68,NaN,,6.05,12.226105,101.3,16 / 21,153505,2022-07-15 14:04:32:572
-0.987,2.3067,7.0828,-2.1124,-1.1757,9.504,0.6761,0.7183,-0.3929,0.3791,-0.1611,0.2647,69958.016,-15.15,-3.19,-43.72,107.74,6.89,12.53,5,992.41,64.03,46.168617,15.86,847.98,NaN,,6.16,12.226105,103,16 / 21,154004,2022-07-15 14:04:33:071
-0.1364,-0.1747,7.2281,-1.8524,-0.1972,9.6281,1.0173,0.7446,-0.684,-0.7221,-0.5292,-0.3784,61604.01,-14.16,-4.14,-43.91,95.01,-2.78,13.14,5,992.44,68.181,46.168617,15.86,847.98,NaN,,6.16,12.226105,103,16 / 21,154506,2022-07-15 14:04:33:573
-0.9529,0.2686,8.793,-1.3769,-0.5099,9.6961,1.4756,0.485,0.4856,-0.409,-0.2757,-0.2414,65608.99,-15.92,-7.44,-42.86,106.98,0.04,9.72,5,992.41,67.09,46.168613,15.860021,847.23,NaN,,5.98,12.226105,108.6,16 / 21,155004,2022-07-15 14:04:34:071
-2.184,-1.733,11.0501,-1.3026,-0.1502,9.7186,0.4634,-1.1623,0.9717,-0.3613,-0.099,-0.4336,62900.01,-14.87,-7.89,-43.27,109.29,-0.83,8.49,5,992.44,66.073,46.168613,15.860021,847.23,NaN,,5.98,12.226105,108.6,16 / 21,155505,2022-07-15 14:04:34:572
-0.1956,1.4441,7.3777,-1.1755,-0.6268,9.7157,-0.65,-0.9652,4.9082,0.0133,-0.0102,0.2023,66875.02,-15.66,-10.14,-43.35,120.88,3.66,6.9,5,992.42,66.817,46.1686,15.860043,847.12,NaN,,6.12,12.226105,117.3,16 / 21,156006,2022-07-15 14:04:35:073
-2.991,-1.4853,10.0122,-1.8998,-0.0059,9.6209,-1.2554,-0.5803,2.6226,-0.4389,0.3903,0.3658,65499.035,-13.91,-11.04,-42.94,111.65,-3.77,9.68,5,992.43,72.447,46.1686,15.860043,847.12,NaN,,6.12,12.226105,117.3,16 / 21,156504,2022-07-15 14:04:35:571
-1.0116,0.1681,9.5599,-1.5094,-0.4653,9.6786,0.9187,0.2346,0.5082,-0.72,0.3197,-0.1076,63243.992,-16.22,-11.36,-42.37,114.78,-1.47,7.92,5,992.45,67.976,46.16859,15.860061,845.42,NaN,,6.01,12.226105,123.1,16 / 21,157004,2022-07-15 14:04:36:071
-1.075,-0.6951,10.6493,-1.6026,0.6186,9.655,-0.5887,0.4437,2.0623,-0.6284,0.3073,-0.1681,64057.03,-15.34,-8.81,-42.88,106.48,-3.62,9.42,5,992.48,69.912,46.16859,15.860061,845.42,NaN,,6.01,12.226105,123.1,16 / 21,157505,2022-07-15 14:04:36:572
-0.8357,0.7932,7.4088,-1.5094,0.2311,9.687,0.3993,-0.3624,2.2791,-0.2859,-0.1411,0.0458,64467.02,-16.18,-9.11,-42.36,109.93,-1.35,8.86,5,992.43,63.222,46.168583,15.860077,843.62,NaN,,5.9,12.226105,122.3,16 / 21,158005,2022-07-15 14:04:37:072
-2.0477,-0.3368,8.6943,-1.4667,0.3379,9.6905,-0.1583,-0.9497,3.9953,-0.0861,0.1678,0.3349,65140,-14.04,-9.81,-42.6,108.3,-4.46,9.18,5,992.5,61.152,46.168583,15.860077,843.62,NaN,,5.9,12.226105,122.3,16 / 21,158506,2022-07-15 14:04:37:573
-0.673,-0.3685,9.3482,-0.9171,-0.0096,9.7637,0.561,0.303,1.4403,-0.3764,0.2508,-0.5386,67994.98,-16.41,-10.72,-42.04,112.76,-4.03,4.65,5,992.47,51.65,46.16857,15.860096,844.02,NaN,,6.16,12.226105,121.8,16 / 21,159005,2022-07-15 14:04:38:072
-1.133,0.2279,10.9029,-1.4283,1.1698,9.6313,-1.7326,-1.1802,3.8965,-0.656,0.1593,-0.1108,67761.02,-14.83,-12.86,-41.87,111.36,-6.85,8.44,5,992.44,46.249,46.16857,15.860096,844.02,NaN,,6.16,12.226105,121.8,16 / 21,159505,2022-07-15 14:04:38:572
-0.6939,0.207,13.2844,-0.7279,0.6613,9.7572,-0.1259,-0.6216,3.5042,-0.6329,0.2,-0.0092,70850.98,-14.72,-14.42,-40.86,122.08,-3.87,4.27,5,992.46,54.726,46.16856,15.860114,842.57,NaN,,6.05,12.226105,127.1,16 / 21,160004,2022-07-15 14:04:39:071
-2.397,-1.3932,12.6664,-0.5579,0.8556,9.7533,0.5846,-0.8475,4.2272,0.2505,-0.2776,0.0109,70551,-13.95,-14.14,-40.67,117.75,-6.97,4.62,5,992.47,59.994,46.16856,15.860114,842.57,NaN,,6.05,12.226105,127.1,16 / 21,160504,2022-07-15 14:04:39:571
1.4333,0.9954,10.3825,0.0461,0.8269,9.7716,0.8074,0.5166,1.6723,-0.1764,0.5022,0.0747,77528.01,-19.05,-14.47,-38.62,115.14,-8.28,-2.45,5,992.5,44.937,46.16855,15.860131,842.08,NaN,,6.16,12.226105,131.3,17 / 21,161005,2022-07-15 14:04:40:072
0.1202,0.9272,11.869,0.1375,2.0825,9.582,-0.1681,-0.2853,0.0074,-0.5402,-0.2423,0.3938,75881.01,-19.54,-15.97,-38.12,111.1,-12.26,-0.82,5,992.52,38.374,46.16855,15.860131,842.08,NaN,,6.16,12.226105,131.3,17 / 21,161505,2022-07-15 14:04:40:572
3.067,2.3533,11.8887,1.7281,2.0566,9.4316,1.224,-0.6175,2.1315,-0.5559,0.6538,-0.4333,79533.97,-27.77,-15.08,-35.85,106.36,-12.11,-10.38,5,992.51,59.897,46.168537,15.860147,841.3,NaN,,6.05,12.226105,131.2,17 / 21,162005,2022-07-15 14:04:41:072
-0.3015,0.323,12.8842,0.5466,2.0172,9.5814,-1.0922,-0.4463,1.7959,0.2718,0.3217,0.3893,75573,-26.53,-16.31,-36.58,110.6,-9.68,-3.45,5,992.52,51.875,46.168537,15.860147,841.3,NaN,,6.05,12.226105,131.2,17 / 21,162504,2022-07-15 14:04:41:571
2.8798,0.7968,13.4674,1.4241,1.4482,9.594,1.0885,0.1792,3.8899,0.563,0.0262,-0.3302,76584.016,-26.59,-13.44,-36.54,108.8,-7.96,-8.34,5,992.59,64.372,46.16853,15.860162,842.05,NaN,,6.08,12.226105,131.6,17 / 21,163004,2022-07-15 14:04:42:071
0.1119,2.004,12.4068,0.597,1.8427,9.6135,-0.9589,0.7648,-2.4736,-0.1833,0.8134,1.1934,75053.99,-26.23,-14.83,-37.97,107.2,-10.83,-3.55,5,992.53,62.537,46.16853,15.860162,842.05,NaN,,6.08,12.226105,131.6,17 / 21,163506,2022-07-15 14:04:42:573
-1.2999,0.0556,12.8524,0.102,1.1301,9.7408,0.2529,-0.0372,-1.4494,-0.0823,-0.3126,-0.6201,73998.97,-21.07,-14.01,-38.55,114.51,-6.62,-0.6,5,992.56,53.208,46.168514,15.860177,841.83,NaN,,6.12,12.226105,135.5,17 / 21,164004,2022-07-15 14:04:43:071
-1.1767,-0.594,15.2644,-1.0452,1.2511,9.6702,-1.2587,-0.2973,-1.4024,0.6316,0.0053,0.4589,68911.02,-19.22,-14.34,-38.83,119.12,-2.99,3.86,5,992.54,61.251,46.168514,15.860177,841.83,NaN,,6.12,12.226105,135.5,17 / 21,164504,2022-07-15 14:04:43:571
-1.8987,-0.0144,11.1835,-1.4656,0.2532,9.6932,0.4868,-1.3482,0.9382,-0.0988,0.3767,-0.4619,66282.03,-18.13,-12.43,-40.16,114.98,-2.83,5.41,5,992.6,63.405,46.168503,15.860192,840.25,NaN,,6.08,12.226105,136.7,17 / 21,165004,2022-07-15 14:04:44:071
-3.679,-0.2818,11.1577,-1.2414,0.3968,9.7197,-0.3034,0.9654,-2.6236,0.2834,0.3624,0.4803,66245.984,-14.77,-11.38,-41.47,115.14,-2.32,7.28,5,992.6,57.165,46.168503,15.860192,840.25,NaN,,6.08,12.226105,136.7,17 / 21,165504,2022-07-15 14:04:44:571
-0.612,0.3589,9.0174,-1.2159,0.8458,9.6942,0.02,-0.6274,-2.4004,0.6702,-0.398,-0.0048,63617,-16.03,-12.83,-41.1,114.62,-4.95,7.15,5,992.61,57.644,46.16849,15.860207,839.49,NaN,,6.26,12.226105,134.6,17 / 21,166004,2022-07-15 14:04:45:071
-3.5384,0.7956,11.1284,-1.221,0.837,9.6943,-0.4001,1.1362,-1.0726,0.5499,0.0963,0.1734,67424,-15.83,-15.09,-40.82,128.61,1.03,5.23,5,992.61,61.351,46.16849,15.860207,839.49,NaN,,6.26,12.226105,134.6,17 / 21,166505,2022-07-15 14:04:45:572
-0.804,-0.0957,13.4495,-0.3594,1.0244,9.7464,0.2865,-0.0134,-2.0816,0.095,-0.5666,-0.21,67146.03,-22.05,-17.25,-39.07,119.29,-4.35,4.85,5,992.55,56.663,46.16848,15.860224,838.65,NaN,,6.01,12.226105,134.1,16 / 21,167005,2022-07-15 14:04:46:072
-1.989,1.1629,10.8215,-0.8597,0.1674,9.7675,0.8001,1.6137,-2.4557,0.5185,-0.1805,0.4288,68186.01,-26.79,-17.16,-38.06,118.47,-0.98,5.03,5,992.57,50.743,46.16848,15.860224,838.65,NaN,,6.01,12.226105,134.1,16 / 21,167504,2022-07-15 14:04:46:571
-0.1244,1.1498,7.8437,-0.3982,0.7648,9.7687,0.1735,-0.1565,-2.6607,0.3648,-0.4283,-0.3105,69408.02,-21.71,-16.5,-39.09,118.85,-4.47,2.33,5,992.64,62.756,46.168472,15.860239,838.83,NaN,,6.05,12.226105,135.4,17 / 21,168004,2022-07-15 14:04:47:071
-0.2447,-0.3428,12.2327,-0.2702,0.7985,9.7704,-0.9022,1.2327,-2.5645,0.4254,-0.2668,-0.05,68880.984,-16.05,-15.39,-38.64,130.64,0.05,2.24,5,992.63,55.701,46.168472,15.860239,838.83,NaN,,6.05,12.226105,135.4,17 / 21,168506,2022-07-15 14:04:47:573
1.6247,1.0977,9.8788,-0.2757,0.7023,9.7776,-1.9037,0.1262,-2.0546,0.1213,-0.1211,0.0758,72777.016,-16.43,-15.02,-39.3,127.78,-3.15,0.84,5,992.63,56.035,46.16846,15.860255,838.44,NaN,,5.83,12.226105,135.8,17 / 21,169004,2022-07-15 14:04:48:071
-1.0457,2.7476,7.0373,-0.4044,0.424,9.7891,0.7971,0.9815,-2.7365,0.2503,0.0068,0.0528,69554.98,-14.12,-15.71,-38.74,132.56,-2.48,2.37,5,992.62,57.043,46.16846,15.860255,838.44,NaN,,5.83,12.226105,135.8,17 / 21,169505,2022-07-15 14:04:48:572
0.2435,1.4542,7.1157,-0.8274,1.2871,9.6865,1.1176,-0.3533,-3.724,0.5415,-0.0279,0.613,71165.99,-14.94,-10.67,-37.59,108.56,-7.54,4.88,5,992.64,63.257,46.16845,15.86027,838.51,NaN,,6.01,12.226105,135,17 / 21,170005,2022-07-15 14:04:49:072
-1.9866,1.9513,8.3683,-0.7122,0.2613,9.7773,-0.9827,1.5672,-1.7088,-0.0104,-0.0615,0.0283,69525,-24.07,-9.58,-39.26,112.48,1.04,2.7,5,992.64,46.504,46.16845,15.86027,838.51,NaN,,6.01,12.226105,135,17 / 21,170506,2022-07-15 14:04:49:573
-0.0275,0.6778,7.6241,-0.6123,0.8894,9.747,0.3649,-0.569,-2.6413,0.5229,-0.2102,-0.1351,67592.01,-23.21,-15.51,-41.19,118.36,-2.3,5.39,5,992.66,54.077,46.168434,15.860286,838.09,NaN,,6.05,12.226105,134.4,17 / 21,171005,2022-07-15 14:04:50:072
-0.1771,1.8796,8.1212,-1.0093,-0.3651,9.7477,-0.7292,0.9585,-1.6997,0.5189,-0.2626,0.0799,68653.984,-17.83,-16.35,-40.57,128.24,2.13,5.91,5,992.67,61.539,46.168434,15.860286,838.09,NaN,,6.05,12.226105,134.4,17 / 21,171504,2022-07-15 14:04:50:571
-1.678,0.3571,4.9137,-0.9014,0.2064,9.763,-0.7029,-1.0527,-2.6661,-0.0176,-0.2203,0.093,66303.97,-16.93,-15.06,-41.66,124.24,-1.21,5.28,5,992.69,53.441,46.168423,15.860302,837.62,NaN,,6.01,12.226105,134.1,17 / 20,172004,2022-07-15 14:04:51:071
-0.8668,0.7657,8.1835,-1.2865,-0.0607,9.7217,0.7511,0.7956,-1.6209,-0.0422,0.2078,0.1559,64759.035,-15.56,-14.19,-40.95,126.45,3.18,8.36,5,992.7,53.202,46.168423,15.860302,837.62,NaN,,6.01,12.226105,134.1,17 / 20,172505,2022-07-15 14:04:51:572
-1.2473,0.5683,6.0209,-1.1719,0.1871,9.7346,0.5633,-0.6503,0.3776,0.1133,-0.3038,-0.3341,66479,-14.83,-11.77,-41.53,119.44,-1.09,6.86,5,992.67,56.415,46.168415,15.860318,837.51,NaN,,6.19,12.226105,134.4,17 / 20,173004,2022-07-15 14:04:52:071
-0.3476,1.748,6.7968,-0.7279,-0.541,9.7646,1.2841,0.4999,-0.8123,0.2629,0.0034,-0.1029,66290,-16.71,-11.21,-42.52,123.39,3.16,4.26,5,992.73,53.385,46.168415,15.860318,837.51,NaN,,6.19,12.226105,134.4,17 / 20,173504,2022-07-15 14:04:52:571
-1.0594,-0.4666,8.388,-0.7868,-1.0521,9.7183,-0.3537,-0.182,-2.1822,-0.0906,-0.3272,-0.066,66150,-14.49,-11.23,-42.19,131.43,6.16,4.63,5,992.71,44.989,46.168404,15.860333,836.86,NaN,,6.05,12.226105,135.1,16 / 20,174004,2022-07-15 14:04:53:071
-1.3926,-0.1753,7.8987,-0.831,-1.1953,9.698,-0.3389,0.653,-1.6695,-0.4488,0.0397,0.0292,68955.03,-14.91,-10.07,-40.52,126.21,5.55,5.41,5,992.73,48.27,46.168404,15.860333,836.86,NaN,,6.05,12.226105,135.1,16 / 20,174504,2022-07-15 14:04:53:571
0.9314,0.0467,6.5988,-0.3797,0.024,9.7993,-0.5507,-1.6944,2.5693,-0.0643,-0.0172,-0.0431,70390.016,-16.8,-9.43,-41.81,115.55,-0.14,2.22,5,992.72,50.267,46.168392,15.860348,836.21,NaN,,5.98,12.226105,137.7,16 / 20,175005,2022-07-15 14:04:54:072
0.3488,0.5994,7.7934,-0.3472,-0.5946,9.7824,0.1667,0.4142,2.1746,0.0344,-0.4053,0.1759,71055.97,-20.1,-13.03,-39.62,125.66,3.48,2.03,5,992.76,45.694,46.168392,15.860348,836.21,NaN,,5.98,12.226105,137.7,16 / 20,175505,2022-07-15 14:04:54:572
-0.2052,-0.2333,7.5075,-0.9496,4.00E-04,9.7606,1.6291,0.2682,0.341,-0.2802,0.4362,0.0786,68778.99,-20.89,-14.19,-40.65,119.37,0,5.56,5,992.75,53.264,46.168385,15.860362,836.06,NaN,,6.26,12.226105,139.9,16 / 20,176005,2022-07-15 14:04:55:072
-1.2873,-0.2704,10.3131,-0.8101,-0.5471,9.7578,0.2216,0.0091,1.3724,-0.7133,0.2497,0.0797,67211.98,-17.94,-14.79,-40.05,125.21,-1.04,3.27,5,992.75,54.953,46.168385,15.860362,836.06,NaN,,6.26,12.226105,139.9,16 / 20,176504,2022-07-15 14:04:55:571
-0.5324,-0.317,8.9898,-1.0701,0.0898,9.7477,-0.4341,-1.2646,3.0059,-0.301,0.4023,-0.1749,67139.016,-17.62,-12.04,-40.59,117.5,-0.52,6.26,5,992.76,45.345,46.16837,15.860376,836.34,NaN,,6.01,12.226105,140.4,16 / 20,177005,2022-07-15 14:04:56:072
-1.1779,0.2865,6.9679,-1.1592,-0.7456,9.7093,-0.4072,-1.0309,3.5203,-0.9322,0.4847,-0.5936,65221,-15.09,-11.53,-41.25,127.07,4.36,6.81,5,992.76,43.933,46.16837,15.860376,836.34,NaN,,6.01,12.226105,140.4,16 / 20,177504,2022-07-15 14:04:56:571
-2.476,-1.7833,10.0594,-1.7132,-0.2499,9.6526,-1.0288,-0.2525,1.5598,-0.0506,-0.1103,0.5481,65909.03,-13.44,-9.73,-42.82,118.47,1.46,10.06,5,992.77,40.467,46.168358,15.86039,836.85,NaN,,6.08,12.226105,138.8,16 / 21,178005,2022-07-15 14:04:57:072
1.0158,-0.2387,12.4786,-1.1798,-0.5785,9.7182,-0.4556,-0.1133,0.2569,-1.0657,-0.1436,0.2393,66692.03,-15.92,-10.44,-42.66,111.73,-2.02,7.51,5,992.76,49.944,46.168358,15.86039,836.85,NaN,,6.08,12.226105,138.8,16 / 21,178505,2022-07-15 14:04:57:572
-0.1382,-0.2309,9.743,-1.4379,0.1954,9.6987,-0.6203,-0.0607,2.1638,-0.5382,0.178,0.0021,67592.01,-15.83,-10.18,-42.96,112.57,-1.14,8.43,5,992.78,52.622,46.168343,15.860404,835.91,NaN,,5.98,12.226105,138.9,16 / 21,179007,2022-07-15 14:04:58:074
-0.1896,0.4169,9.7334,-1.4864,-0.1773,9.6917,2.7456,0.8259,1.0682,-0.7495,0.992,-1.0413,66707.016,-16.2,-10.2,-43.07,115.65,1.04,8.72,5,992.77,45.565,46.168343,15.860404,835.91,NaN,,5.98,12.226105,138.9,16 / 21,179505,2022-07-15 14:04:58:572
-0.4277,-1.7689,8.7793,-1.376,-0.412,9.7009,0.3204,-0.3744,4.1548,-0.5111,-0.3753,-0.2372,64004.984,-14.61,-10.44,-44.38,119.16,2.41,8.07,5,992.78,49.003,46.168335,15.860419,835.27,NaN,,6.12,12.226105,136.8,17 / 21,180005,2022-07-15 14:04:59:072
-1.6211,-0.5025,9.3344,-1.528,-0.7783,9.6556,0.3596,0.3497,2.3859,-0.2157,0.5496,-0.7528,67833.99,-15.83,-8.92,-43.91,116.21,1.76,6.51,5,992.75,43.877,46.168335,15.860419,835.27,NaN,,6.12,12.226105,136.8,17 / 21,180504,2022-07-15 14:04:59:571
-2.4191,-0.6114,11.6136,-1.4678,0.0645,9.696,-1.6948,-0.3547,3.0573,-0.3406,-0.2152,0.0304,65660.02,-13.31,-9.53,-43.61,116.58,-0.38,8.61,5,992.78,41.508,46.168324,15.860435,834.96,NaN,,6.05,12.226105,135.9,17 / 21,181005,2022-07-15 14:05:00:072
-0.6975,-2.5065,16.2156,-1.1231,-0.1958,9.7402,1.2139,0.2914,2.0602,-0.4766,0.3067,-0.5806,70060.01,-17.14,-10.99,-42.3,113.59,-3.18,4.13,5,992.8,43.017,46.168324,15.860435,834.96,NaN,,6.05,12.226105,135.9,17 / 21,181506,2022-07-15 14:05:00:573
0.6281,0.8824,9.8273,-1.4143,-0.0528,9.704,0.2087,-0.358,2.3621,-0.3625,0.1642,0.3486,65256.98,-14.53,-11.04,-42.3,118.21,0.31,8.29,5,992.82,44.393,46.168312,15.860451,834.79,NaN,,6.16,12.226105,134,17 / 20,182005,2022-07-15 14:05:01:072
-1.6301,-1.1509,12.0814,-0.8226,-0.4254,9.7628,0.0398,-1.424,4.0449,-0.4453,0.6852,-0.7609,67848.98,-16.22,-10.5,-41.87,116.85,-1.34,2.53,5,992.8,45.137,46.168312,15.860451,834.79,NaN,,6.16,12.226105,134,17 / 20,182505,2022-07-15 14:05:01:572
-2.6955,-1.9627,14.4963,-1.1176,0.3023,9.7381,-1.2225,-0.884,1.7811,-0.1617,0.2074,0.3862,67768.99,-14.01,-10.71,-41.49,117.78,-1.77,6.55,5,992.82,46.149,46.168304,15.860467,833.64,NaN,,6.08,12.226105,135,17 / 20,183006,2022-07-15 14:05:02:073
-1.349,-0.2213,12.6897,-0.7275,0.049,9.7795,0.5264,0.2089,2.752,0.1407,0.25,-0.3145,67826.98,-15.6,-10.56,-40.99,119.17,-1.46,2.63,5,992.82,49.369,46.168304,15.860467,833.64,NaN,,6.08,12.226105,135,17 / 20,183506,2022-07-15 14:05:02:573
-2.4784,-1.1653,10.8305,-1.5921,0.0243,9.6765,-2.0151,-0.7518,4.7902,0.3157,0.5859,1.3119,66949,-14.29,-9.51,-42.36,117.55,-0.45,6.35,5,992.83,51.125,46.168293,15.860484,833.53,NaN,,6.16,12.226105,136.3,17 / 20,184004,2022-07-15 14:05:03:071
-1.3854,-0.0538,12.2519,-1.1081,-0.3291,9.7383,0.4211,0.2093,1.7403,-0.3085,0.1034,-0.6463,68618.01,-17.68,-8.08,-42.09,108.94,-0.69,5.45,5,992.84,48.336,46.168293,15.860484,833.53,NaN,,6.16,12.226105,136.3,17 / 20,184505,2022-07-15 14:05:03:572
-0.9159,1.2066,12.8213,-0.7647,0.5513,9.7612,-0.9569,0.9731,-1.2785,-0.6765,0.1801,0.2469,68010.03,-18.88,-11.27,-41.85,111.41,-3.22,4.48,5,992.85,54.161,46.16828,15.860502,833.26,NaN,,6.34,12.226105,134.8,17 / 20,185005,2022-07-15 14:05:04:072
-0.3529,-0.0945,11.9408,-0.1272,0.4877,9.7937,0.66,-0.4311,0.1687,0.0256,-0.4557,-0.4642,68280.98,-19.41,-12.67,-40.82,116.38,-3.45,3.29,5,992.85,54.996,46.16828,15.860502,833.26,NaN,,6.34,12.226105,134.8,17 / 20,185506,2022-07-15 14:05:04:573
-0.6634,-1.6403,14.4054,-0.9945,0.2885,9.7518,-1.9836,-1.0836,2.9447,0.1351,0.2953,0.3522,67277.99,-18.88,-11.76,-41.21,118.82,-0.58,2.94,5,992.85,63.064,46.168266,15.860519,832.77,NaN,,6.23,12.226105,135.2,17 / 20,186004,2022-07-15 14:05:05:071
0.5372,-0.2064,11.5274,-0.1786,0.3264,9.7996,-0.1639,0.1492,-2.9788,0.2345,-0.2704,-0.1878,68164,-20.55,-10.82,-41.1,115.75,0.43,3.44,5,992.85,63.542,46.168266,15.860519,832.77,NaN,,6.23,12.226105,135.2,17 / 20,186505,2022-07-15 14:05:05:572
-4.5182,-0.9135,11.5705,-0.7778,0.1512,9.7746,0.3699,1.2958,-1.3663,0.0128,0.4242,0.5263,68127.01,-23.04,-10.42,-40.87,115.04,2.12,2.21,5,992.84,57.602,46.168255,15.860534,832.18,NaN,,6.26,12.226105,135.5,17 / 20,187005,2022-07-15 14:05:06:072
-0.9655,-1.678,11.5956,-0.1685,0.0302,9.8052,-0.3392,-0.4113,-1.2761,0.2406,-0.5465,-0.4324,66919.03,-20.16,-9.23,-42.28,114.68,1.68,3.01,5,992.86,58.58,46.168255,15.860534,832.18,NaN,,6.26,12.226105,135.5,17 / 20,187505,2022-07-15 14:05:06:572
-0.0096,-0.3559,11.7661,-0.8467,0.1261,9.7692,0.2838,-0.0823,0.3401,0.1396,0.1276,0.2762,68933.03,-19.35,-10.16,-42.43,116.96,1.32,3.47,5,992.86,66.075,46.168247,15.860551,832.76,NaN,,6.08,12.226105,133.7,17 / 20,188004,2022-07-15 14:05:07:071
-1.0576,-1.4237,12.7789,-0.1894,0.0035,9.8048,0.7756,0.9745,-3.5913,0.1105,-0.0639,-0.8761,70916.984,-19.44,-8.74,-42.71,117.11,3.56,4.82,5,992.87,58.983,46.168247,15.860551,832.76,NaN,,6.08,12.226105,133.7,17 / 20,188504,2022-07-15 14:05:07:571
-0.8788,-1.6648,13.343,-0.6059,-0.1791,9.7863,0.4859,1.8295,-2.9174,0.1102,0.5459,0.3155,66788.016,-19.41,-9.6,-42.54,119.93,4.02,4.58,5,992.9,51.151,46.168236,15.860569,832.86,NaN,,6.3,12.226105,131.6,18 / 20,189004,2022-07-15 14:05:08:071
0.6538,-0.4313,9.0903,-0.5746,0.1897,9.788,0.0743,0.3632,-3.025,0.2762,-0.2936,0.1567,69138.02,-18.56,-7.89,-43.61,112.7,2.1,5.05,5,992.89,52.742,46.168236,15.860569,832.86,NaN,,6.3,12.226105,131.6,18 / 20,189504,2022-07-15 14:05:08:571
-1.9274,0.74,11.0321,-1.0553,0.1749,9.7481,-0.2098,1.0373,-2.393,0.1133,0.1319,0.4998,66903.98,-20.66,-10.61,-41.66,117.69,1.55,2.85,5,992.9,53.666,46.168224,15.860586,832.25,NaN,,6.23,12.226105,132.5,18 / 20,190006,2022-07-15 14:05:09:073
-0.7561,-1.0002,12.8273,-0.5683,0.3718,9.7831,0.0634,0.485,-3.7651,0.0909,-0.1938,-0.338,69063.98,-18.83,-10.18,-41.25,114.78,1.27,6.47,5,992.9,53.073,46.168224,15.860586,832.25,NaN,,6.23,12.226105,132.5,18 / 20,190505,2022-07-15 14:05:09:572
-1.9956,1.1103,10.1324,-0.6915,1.2169,9.7063,-0.5573,0.2183,-2.6802,0.6939,-0.2879,0.2813,69116.02,-20.31,-14.34,-38.66,117.53,-3.54,3.5,5,992.91,53.274,46.168217,15.860602,831.63,NaN,,6.19,12.226105,133.8,17 / 21,191006,2022-07-15 14:05:10:073
-0.4989,0.3165,8.6375,-0.6651,0.3012,9.7794,-0.2636,0.6053,-2.7078,0.1227,-0.5604,-0.0392,66934.016,-17.64,-11.7,-39.82,116.82,-0.58,7.36,5,992.9,55.472,46.168217,15.860602,831.63,NaN,,6.19,12.226105,133.8,17 / 21,191505,2022-07-15 14:05:10:572
-1.0092,1.7797,7.1874,-0.1394,1.2227,9.7291,-1.0622,0.4172,-2.6669,0.6607,-0.438,0.0029,68625.02,-18.49,-10.87,-40.12,116.94,-1.29,2.75,5,992.9,52.475,46.168205,15.860618,831.62,NaN,,6.16,12.226105,130.1,19 / 21,192005,2022-07-15 14:05:11:072
-0.3811,1.3226,8.4006,0.0779,1.1724,9.736,-0.0395,-0.1871,-1.8713,0.3819,-0.1819,-0.3037,72497.98,-21.66,-15,-38.68,116.06,-5.67,1.08,5,992.93,51.453,46.168205,15.860618,831.62,NaN,,6.16,12.226105,130.1,19 / 21,192504,2022-07-15 14:05:11:571
-1.3825,2.817,5.8672,-0.2148,1.7023,9.6554,-0.3254,-0.1417,-2.1307,0.3126,0.2679,0.428,74365.02,-22.42,-19.39,-35.19,121.46,-8.78,-0.09,5,992.93,52.892,46.168198,15.860634,832.3,NaN,,5.76,12.226105,131.5,19 / 21,193005,2022-07-15 14:05:12:072
1.5757,2.071,7.8556,0.2301,2.4006,9.5055,-0.6705,-0.3639,-3.5693,-0.2187,0.119,0.2199,77777.016,-21.62,-19.29,-34.76,113.17,-14.94,-0.51,5,992.93,55.451,46.168198,15.860634,832.3,NaN,,5.76,12.226105,131.5,19 / 21,193505,2022-07-15 14:05:12:572
-0.1352,2.5466,6.5414,-0.0267,2.2239,9.5511,-0.1179,0.134,-2.4735,0.5076,0.0182,0.2229,76759.99,-21.37,-21.28,-32.57,125.09,-10.29,0.05,5,992.94,59.185,46.168182,15.860649,831.92,NaN,,5.8,12.226105,135.5,18 / 20,194004,2022-07-15 14:05:13:071
0.746,2.921,5.5801,-0.286,2.6241,9.4447,-0.2538,-0.9433,0.6054,0.7176,-0.2221,0.4309,76767.01,-18.51,-20.12,-35.01,116.26,-15.25,3.52,5,992.95,55.103,46.168182,15.860649,831.92,NaN,,5.8,12.226105,135.5,18 / 20,194504,2022-07-15 14:05:13:571
-0.6514,2.5597,7.2999,-0.163,1.3757,9.7083,0.6225,0.7075,0.3093,-0.6801,0.3875,0.0125,81277.02,-22.57,-20.49,-33.71,118.14,-12.88,-1.65,5,992.95,61.67,46.168175,15.860664,832.47,NaN,,5.94,12.226105,136,17 / 20,195004,2022-07-15 14:05:14:071
1.5763,2.0638,6.7029,-0.2251,1.8241,9.6329,2.5424,-0.1606,-1.7333,-0.2206,0.4288,0.3912,73582.02,-21.09,-15.36,-37.26,108.28,-11.77,1.47,5,992.99,58.282,46.168175,15.860664,832.47,NaN,,5.94,12.226105,136,17 / 20,195505,2022-07-15 14:05:14:572
-0.4187,0.7944,9.2243,0.0031,0.2365,9.8038,-0.0201,0.4129,-0.2473,-0.2788,0.1536,-0.2674,73800.99,-24.26,-11.79,-38.23,110.3,-4.72,-0.21,5,992.98,58.339,46.168163,15.86068,830.9,NaN,,5.87,12.226105,131.3,17 / 20,196005,2022-07-15 14:05:15:072
0.0778,0.0754,6.7807,-0.6986,-0.4926,9.7693,-1.2945,-1.1442,2.5233,0.4826,-0.2695,-0.0267,67621.98,-20.81,-6.75,-41.08,104.07,-1.44,4.25,5,992.98,57.931,46.168163,15.86068,830.9,NaN,,5.87,12.226105,131.3,17 / 20,196506,2022-07-15 14:05:15:573
-0.8375,1.1797,9.2985,-0.1854,0.417,9.796,-0.0834,0.3437,0.7603,-0.2232,0.0652,0.0347,71904.984,-22.74,-7.73,-41.18,99.68,-5.63,0.22,5,992.97,56.389,46.16815,15.860696,830.24,NaN,,6.05,12.226105,132.5,17 / 20,197005,2022-07-15 14:05:16:072
0.7376,1.3286,8.7841,-0.3738,0.9063,9.7575,-0.1901,-0.536,1.7711,-0.4364,0.0555,0.5964,72535.03,-24.02,-12.19,-40.82,103.01,-8.49,2.73,5,992.97,57.851,46.16815,15.860696,830.24,NaN,,6.05,12.226105,132.5,17 / 20,197505,2022-07-15 14:05:16:572
0.3075,1.0175,9.3661,-0.2379,0.7553,9.7746,1.697,-0.4548,2.6544,-0.2267,0.3667,0.0297,71304.98,-26.32,-11.68,-41.36,108.17,-4.42,1.39,5,993,61.089,46.168144,15.860711,829.19,NaN,,5.87,12.226105,133.1,17 / 20,198004,2022-07-15 14:05:17:071
-1.5003,0.128,9.0455,-1.2673,1.191,9.6512,-0.0227,-0.2689,2.657,-0.5147,0.0732,-0.1904,68895.97,-24.04,-13.72,-42.24,105.48,-8.7,6.64,5,993.01,60.783,46.168144,15.860711,829.19,NaN,,5.87,12.226105,133.1,17 / 20,198504,2022-07-15 14:05:17:571
-1.2096,0.1418,9.9721,-1.2078,0.2752,9.7281,1.7871,-0.2425,2.41,-0.8802,0.6318,-0.6221,68843.99,-21.09,-13.69,-41.14,109.95,-7.61,4.05,5,993.01,61.835,46.168137,15.860726,828.61,NaN,,5.9,12.226105,127.8,17 / 20,199004,2022-07-15 14:05:18:071
-0.0508,1.4441,10.8018,-1.3599,0.7027,9.6864,-0.9271,-0.8674,3.7749,-0.3367,-0.3572,0.2986,66136.03,-15.66,-13.72,-41.31,111.06,-8.16,8.56,5,993,64.576,46.168137,15.860726,828.61,NaN,,5.9,12.226105,127.8,17 / 20,199505,2022-07-15 14:05:18:572
0.5276,-0.9398,13.6295,-0.2602,0.5589,9.7873,-0.0333,-1.1544,1.4596,-0.7327,0.3021,-0.2513,72176,-18.66,-12.38,-38.72,116.04,-3.27,1.52,5,993,63.104,46.16813,15.860742,827.51,NaN,,5.94,12.226105,128.7,17 / 20,200004,2022-07-15 14:05:19:071
-0.0431,-0.7466,14.3737,-0.8398,0.8321,9.7351,-1.8985,-1.5555,2.8571,0.2236,-0.0628,0.7116,70074.99,-17.78,-11.66,-41.08,114.81,-4.11,2.32,5,993.07,62.27,46.16813,15.860742,827.51,NaN,,5.94,12.226105,128.7,17 / 20,200504,2022-07-15 14:05:19:571
-0.1017,-0.2333,13.2186,0.0757,1.037,9.7514,-0.2079,-0.0094,1.6714,0.1923,-0.088,-0.4461,73793.98,-24.81,-15.17,-38.61,113,-6.36,-0.08,5,993.06,63.576,46.168118,15.860756,826.85,NaN,,5.94,12.226105,131.7,17 / 20,201004,2022-07-15 14:05:20:071
-0.4277,0.5013,15.7412,-0.3393,1.5136,9.6832,-1.6461,-0.5279,4.0543,0.0824,0.162,0.3312,72988.97,-30.38,-18.24,-37.67,109.8,-10.29,0.86,5,993.02,62.868,46.168118,15.860756,826.85,NaN,,5.94,12.226105,131.7,17 / 20,201505,2022-07-15 14:05:20:572
1.6929,-0.5695,14.3731,0.1392,1.5288,9.6857,0.047,-0.2007,-1.4565,-0.5225,0.0823,-0.7327,72255.984,-28.48,-18.32,-37.43,113.51,-8.97,-0.82,5,993.03,63.252,46.168102,15.860771,826.74,NaN,,5.9,12.226105,132.8,17 / 20,202005,2022-07-15 14:05:21:072
-2.7775,2.7488,14.9587,-0.1534,2.2808,9.5365,-0.9553,0.5555,-0.8182,-0.3392,0.0993,0.2963,76518,-19.86,-18.26,-37.11,119.94,-10.15,-1.03,5,993.06,65.097,46.168102,15.860771,826.74,NaN,,5.9,12.226105,132.8,17 / 20,202504,2022-07-15 14:05:21:571
1.7647,1.2532,15.1334,0.2412,2.551,9.466,-0.4557,-0.6089,-0.0116,0.1765,-0.2353,-0.0248,75705.03,-20.74,-20.29,-35.36,118.49,-13.72,-1.09,5,993.07,65.117,46.168095,15.860784,826.15,NaN,,5.8,12.226105,136.3,17 / 20,203005,2022-07-15 14:05:22:072
-2.8552,3.2764,12.7226,-0.4564,3.2782,9.2312,-1.9256,-1.2749,-2.1768,1.3238,-0.1007,0.4433,73721.01,-20.83,-20.29,-35.93,117.62,-13.46,0.35,5,993.03,63.733,46.168095,15.860784,826.15,NaN,,5.8,12.226105,136.3,17 / 20,203504,2022-07-15 14:05:22:571
-0.6096,3.0084,10.285,-0.9861,2.1328,9.521,0.4078,0.2643,-1.5281,0.4157,-0.2804,-0.2439,71152.02,-19.22,-19.37,-37.29,115.78,-12.56,5.91,5,993.05,57.605,46.168083,15.860798,825.75,NaN,,6.08,12.226105,135.8,17 / 20,204004,2022-07-15 14:05:23:071
-1.3813,2.546,9.6209,-0.4618,1.5698,9.6692,-0.2151,0.9147,-2.1875,0.266,-0.1875,-0.1577,70030.984,-18.64,-17.36,-38.4,120.28,-6.63,4.15,5,993.06,54.687,46.168083,15.860798,825.75,NaN,,6.08,12.226105,135.8,17 / 20,204505,2022-07-15 14:05:23:572
0.457,2.7685,11.7165,-0.1134,2.1516,9.567,-0.4192,-0.1681,-2.8015,0.3892,-0.4024,-0.1269,72864.02,-18.94,-15.39,-38.42,111.23,-10.53,2.2,5,993.11,56.355,46.16807,15.860812,824.97,NaN,,5.9,12.226105,133.5,17 / 20,205005,2022-07-15 14:05:24:072
-0.5521,1.6379,11.2738,-0.1738,1.8988,9.6195,0.0745,1.1916,-2.0562,-0.2792,0.1016,-0.0048,75968.016,-20.92,-17.34,-36,116.47,-10.43,-1.02,5,993.05,55.822,46.16807,15.860812,824.97,NaN,,5.9,12.226105,133.5,17 / 20,205505,2022-07-15 14:05:24:572
1.6158,1.5464,9.1735,-0.4097,1.3747,9.7012,0.0336,0.4827,-3.4306,0.0453,-0.3716,-0.1859,72504.99,-21.28,-16.01,-37.54,115.23,-8.06,2.42,5,993.1,54.344,46.168064,15.860828,824.49,NaN,,5.98,12.226105,134.8,17 / 20,206005,2022-07-15 14:05:25:072
-2.4604,2.7117,7.7456,0.0492,1.3146,9.718,-0.4546,1.2068,-3.2801,0.6753,-0.615,-0.4954,71531.98,-18.49,-14.68,-38.98,125.1,-1.71,2.54,5,993.1,51.441,46.168064,15.860828,824.49,NaN,,5.98,12.226105,134.8,17 / 20,206506,2022-07-15 14:05:25:573
0.7334,-0.2949,10.8909,-0.8262,1.3653,9.6759,0.9299,0.2397,-4.5828,0.1161,0.1364,0.4328,71210.01,-18.45,-16.39,-39.71,119.75,-5.59,4.87,5,993.12,57.183,46.168053,15.860842,824.16,NaN,,6.01,12.226105,135.9,17 / 20,207005,2022-07-15 14:05:26:072
-4.2227,1.2939,8.3139,-0.3246,1.3886,9.7024,-1.324,1.0107,-2.3214,0.5576,-0.2278,-0.6254,68426.98,-17.62,-15.71,-39.69,128,-1.07,2.23,5,993.13,53.791,46.168053,15.860842,824.16,NaN,,6.01,12.226105,135.9,17 / 20,207504,2022-07-15 14:05:26:571
0.478,2.2014,5.5549,-1.3227,1.4477,9.6086,0.7078,-1.075,-3.7026,0.3015,-0.2219,0.1826,70675,-16.97,-16.28,-38.87,115.28,-8.49,7.84,5,993.13,57.363,46.16804,15.860855,823.97,NaN,,5.69,12.226105,138.9,17 / 20,208005,2022-07-15 14:05:27:072
-2.1649,1.6881,7.8688,-0.6854,0.5878,9.765,-0.2091,1.2197,-3.5899,0.0321,-0.1522,-9.00E-04,66897.97,-17.72,-14.44,-40.09,122.15,-0.8,5,5,993.13,48.683,46.16804,15.860855,823.97,NaN,,5.69,12.226105,138.9,17 / 20,208504,2022-07-15 14:05:27:571
-0.3374,0.4941,9.3368,-0.4555,0.9687,9.748,0.4219,-0.1671,-3.2515,0.5205,-0.3671,-0.0278,69746,-18.9,-13.29,-41.21,114.72,-3.19,6.51,5,993.14,52.337,46.168034,15.86087,823.41,NaN,,5.9,12.226105,133.6,17 / 20,209005,2022-07-15 14:05:28:072
-1.2299,2.2594,7.6158,-0.7934,0.9528,9.728,0.5626,1.6406,-3.5872,0.1967,-0.2476,0.1348,69019.97,-18.15,-16.93,-40.78,124.75,-2.35,6.01,5,993.12,53.093,46.168034,15.86087,823.41,NaN,,5.9,12.226105,133.6,17 / 20,209504,2022-07-15 14:05:28:571
-0.0227,0.0897,6.8979,-0.6857,0.8935,9.7418,0.5799,-0.216,-1.4632,0.3528,-0.2784,0.0236,69380.016,-16.16,-16.87,-40.46,125.52,-5.23,4.03,5,993.15,51.461,46.16802,15.860886,823.15,NaN,,5.87,12.226105,132.4,17 / 20,210005,2022-07-15 14:05:29:072
-1.2179,1.3615,7.669,-0.9532,-0.3564,9.7537,-0.4399,0.2206,0.8442,-0.3396,0.246,-0.162,70791.98,-17.04,-15.97,-40.07,127.59,-0.34,5.09,5,993.14,52.025,46.16802,15.860886,823.15,NaN,,5.87,12.226105,132.4,17 / 20,210504,2022-07-15 14:05:29:571
-0.0897,0.8722,7.389,-0.942,0.5663,9.7449,1.3826,0.2369,-1.8947,-0.2127,-0.0323,-0.099,67761.02,-14.4,-14.02,-40.93,119.42,-4.56,7.57,5,993.2,58.18,46.168007,15.860901,822.79,NaN,,6.08,12.226105,134.5,17 / 20,211005,2022-07-15 14:05:30:072
-0.8501,1.7037,5.6064,-0.4429,0.0356,9.7966,-0.1641,0.377,1.3813,0.1237,-0.1096,0.2839,73171.016,-16.14,-16.33,-39.82,131.71,-0.21,2.59,5,993.18,53.627,46.168007,15.860901,822.79,NaN,,6.08,12.226105,134.5,17 / 20,211506,2022-07-15 14:05:30:573
0.883,1.7037,5.0207,-0.8257,0.2275,9.7692,-0.6159,-0.4765,1.5263,0.228,0.0173,0.2065,69731.016,-16.22,-14.47,-40.29,124.16,-1.33,4.83,5,993.21,55.416,46.168,15.860916,823.2,NaN,,6.12,12.226105,136,17 / 20,212005,2022-07-15 14:05:31:072
-0.2698,1.2371,6.466,0.0631,0.5636,9.7902,0.0404,-0.7526,1.0648,-0.2132,-0.3519,-0.0338,73757.99,-18.28,-14.59,-39.88,121.34,-5.38,0.56,5,993.21,59.074,46.168,15.860916,823.2,NaN,,6.12,12.226105,136,17 / 20,212505,2022-07-15 14:05:31:572
0.1352,0.4528,8.0877,-0.1211,0.9939,9.7554,0.7436,0.0666,-1.1996,-0.3661,-0.0773,-0.0828,72659.03,-19.14,-15.9,-38.98,115.91,-8.68,2.54,5,993.24,58.488,46.167988,15.860932,822.76,NaN,,5.94,12.226105,134.2,17 / 20,213004,2022-07-15 14:05:32:071
-0.3075,0.8686,8.412,0.2652,0.8201,9.7687,1.638,-0.6614,3.5522,-0.7467,0.5428,-0.0147,73904,-19.48,-16.63,-38.06,127.38,-4.8,-1.56,5,993.22,49.53,46.167988,15.860932,822.76,NaN,,5.94,12.226105,134.2,17 / 20,213504,2022-07-15 14:05:32:571
-0.9182,0.4403,8.7667,-0.2785,0.7514,9.7739,-0.4262,0.0138,2.4302,-0.1048,0.1083,0.1636,72799.02,-20.78,-17.25,-39.77,122.19,-4.39,1.63,5,993.22,53.738,46.167976,15.860949,821.58,NaN,,6.16,12.226105,135.1,17 / 20,214005,2022-07-15 14:05:33:072
1.2437,1.3567,8.3521,-0.3842,0.7619,9.7695,0.6539,0.0816,1.4222,-0.4562,0.584,-0.5282,77243.02,-19.35,-17.85,-38.12,123.39,-8.7,-1.22,5,993.25,46.878,46.167976,15.860949,821.58,NaN,,6.16,12.226105,135.1,17 / 20,214505,2022-07-15 14:05:33:572
-0.2375,0.6772,11.4221,-0.609,0.8894,9.7472,0.6162,-0.1118,2.9016,-0.2669,0.0552,0.1674,71714.98,-16.76,-17.44,-38.36,120.81,-8.27,3.55,5,993.26,52.831,46.16797,15.860964,820.81,NaN,,5.87,12.226105,136,17 / 20,215006,2022-07-15 14:05:34:073
-0.1878,0.0467,10.5488,-0.3679,0.785,9.7683,0.2293,-1.4493,4.0287,-0.8859,0.6119,-0.8322,72255.984,-17.36,-14.38,-38.85,120.53,-4.59,2.16,5,993.28,44.56,46.16797,15.860964,820.81,NaN,,5.87,12.226105,136,17 / 20,215504,2022-07-15 14:05:34:571
1.1348,0.8937,8.1841,-1.247,0.8333,9.6913,-2.0506,-0.8604,3.3675,-0.4182,0.1017,0.6865,68961.984,-14.89,-13.29,-40.48,116,-4.87,7.33,5,993.3,55.76,46.167957,15.86098,820.03,NaN,,6.16,12.226105,136.6,17 / 20,216004,2022-07-15 14:05:35:071
-0.7466,-0.1167,11.7045,-0.903,0.5547,9.7492,0.1901,-0.0627,2.5581,-0.2788,0.4789,-0.6318,68207,-16.22,-13.09,-39.56,115.62,-6.42,2.58,5,993.27,49.106,46.167957,15.86098,820.03,NaN,,6.16,12.226105,136.6,17 / 20,216505,2022-07-15 14:05:35:572
0.0538,0.0502,14.333,-0.4641,0.9816,9.7464,0.8971,0.3769,2.7857,-0.3318,-0.4698,0.1804,68955.03,-13.69,-13.99,-40.16,116.33,-7.83,4.92,5,993.27,52.805,46.167946,15.860997,819.14,NaN,,6.08,12.226105,135.5,17 / 20,217006,2022-07-15 14:05:36:073
0.0837,-0.0508,11.8451,-0.6014,0.6144,9.7689,1.7618,-0.0613,0.8298,0.2265,0.1363,-0.8518,70309.016,-17.53,-14.64,-38.64,121.75,-3.59,3.52,5,993.3,61.152,46.167946,15.860997,819.14,NaN,,6.08,12.226105,135.5,17 / 20,217504,2022-07-15 14:05:36:571
-3.722,1.2096,9.6096,-0.9122,1.3646,9.6683,-1.3464,-1.0132,3.2892,0.5492,0.6884,0.2878,70104.016,-12.96,-15.92,-40.28,122.09,-8,5.39,5,993.3,47.476,46.167934,15.861013,820.28,NaN,,6.19,12.226105,138.5,17 / 20,218005,2022-07-15 14:05:37:072
-0.5617,-0.7394,13.282,-0.6116,0.7597,9.758,0.6067,0.0641,2.7626,0.1099,0.0551,-0.4412,73573.99,-15.49,-15.92,-38.64,126.03,-6.45,1.31,5,993.31,62.816,46.167934,15.861013,820.28,NaN,,6.19,12.226105,138.5,17 / 20,218505,2022-07-15 14:05:37:572
2.8552,1.2132,13.3831,-1.0312,0.7789,9.7211,-0.8363,-0.3621,2.3779,0.3525,-0.0684,0.7486,67460.984,-14.23,-14.21,-39.9,123.38,-4.4,3.85,5,993.32,50.393,46.167923,15.861028,819.3,NaN,,6.16,12.226105,140.4,18 / 21,219005,2022-07-15 14:05:38:072
-0.4792,-0.3458,13.8515,0.0698,0.6142,9.7871,-0.0137,0.6598,-1.5226,-0.3494,0.3039,-1.0374,73449.99,-14.31,-14.72,-38.32,132.51,-3.59,-0.41,5,993.33,54.197,46.167923,15.861028,819.3,NaN,,6.16,12.226105,140.4,18 / 21,219505,2022-07-15 14:05:38:572
-2.7153,-1.8514,16.1318,-0.5535,1.0736,9.732,-0.5916,0.6978,0.2347,0.174,0.006,0.0176,69122.98,-14.94,-14.63,-39.15,122,-6.29,3.26,5,993.33,43.75,46.16791,15.861041,819.03,NaN,,6.01,12.226105,142.6,19 / 21,220006,2022-07-15 14:05:39:073
0.9266,1.0642,13.2269,-0.1444,0.8371,9.7698,0.9663,-0.31,1.7195,-0.1421,0.0625,-0.2573,73405.984,-14.83,-14.79,-38.93,125.96,-5.14,1.19,5,993.33,57.286,46.16791,15.861041,819.03,NaN,,6.01,12.226105,142.6,19 / 21,220505,2022-07-15 14:05:39:572
-3.1424,0.8166,12.8231,-0.939,1.1249,9.6966,-1.2175,-0.9023,4.3057,0.3734,0.4061,0.4116,70733.99,-16.2,-14.04,-39.9,119.53,-5.17,3.52,5,993.33,59.553,46.1679,15.861055,818.17,NaN,,6.05,12.226105,140.9,19 / 21,221004,2022-07-15 14:05:40:071
0.6084,0.4379,11.7655,-0.1346,1.2823,9.7215,-0.6143,-0.708,-1.9773,-0.1007,0.1388,-0.6892,70821,-18.77,-15.22,-40.41,116.33,-7.51,0.79,5,993.36,53.548,46.1679,15.861055,818.17,NaN,,6.05,12.226105,140.9,19 / 21,221504,2022-07-15 14:05:40:571
-1.9466,1.2784,12.6754,-0.4006,1.1329,9.7328,-0.3424,1.3175,-1.5501,0.3391,-0.0983,0.1091,71363.03,-15.99,-17.42,-40.22,125,-6.63,2.36,5,993.34,57.756,46.16789,15.861071,817.89,NaN,,6.19,12.226105,139,19 / 21,222004,2022-07-15 14:05:41:071
0.0538,0.6078,13.2999,-0.1073,0.8725,9.7672,-0.2787,-0.43,0.2912,0.1339,-0.3215,-0.2945,70527.984,-16.26,-17.68,-39.28,131.02,-4.91,1.2,5,993.35,46.84,46.16789,15.861071,817.89,NaN,,6.19,12.226105,139,19 / 21,222504,2022-07-15 14:05:41:571
-1.5846,-1.0241,15.7095,-0.7556,1.0437,9.7216,0.5791,-0.0672,1.7353,-0.1109,0.0844,-0.322,70257.984,-15.3,-17.62,-39.17,132.1,-4.25,2.56,5,993.36,48.857,46.167877,15.861085,816.85,NaN,,6.12,12.226105,142,18 / 21,223005,2022-07-15 14:05:42:072
1.2766,0.2734,10.4279,0.2533,1.0021,9.752,0.8738,0.3166,-2.3376,0.0434,0.0712,-0.6614,72652.01,-16.8,-18.15,-38.31,131.13,-5.86,-1.49,5,993.37,43.946,46.167877,15.861085,816.85,NaN,,6.12,12.226105,142,18 / 21,223505,2022-07-15 14:05:42:572
-3.3559,-0.317,14.5334,-0.3852,0.9264,9.7552,-0.6559,1.0832,-3.3551,0.3079,-0.0539,0.3101,69781.98,-15.69,-18.26,-39.06,129.21,-5.42,2.26,5,993.37,56.146,46.167866,15.861097,816.46,NaN,,6.12,12.226105,147.3,18 / 21,224004,2022-07-15 14:05:43:071
-0.0449,0.542,9.6006,-0.1682,1.7125,9.6545,-0.2261,-0.9648,-2.346,0.531,-0.3526,-0.2014,70595.016,-15.51,-18.28,-39.47,126.07,-6.54,3.93,5,993.38,59.572,46.167866,15.861097,816.46,NaN,,6.12,12.226105,147.3,18 / 21,224505,2022-07-15 14:05:43:572
-1.0899,2.4425,9.9739,-0.0215,0.726,9.7797,-0.8093,0.2481,-2.5243,-0.0593,-0.0328,-0.0373,73457.016,-14.44,-20.4,-38.16,140.58,-4.25,0.13,5,993.38,56.544,46.16785,15.861108,816.25,NaN,,6.05,12.226105,147.7,17 / 21,225005,2022-07-15 14:05:44:072
-0.3583,1.1151,6.8752,-0.1774,1.6432,9.6664,-0.3215,-1.5288,-3.4868,0.034,-0.2056,-0.1843,72960.01,-13.13,-19.71,-37.8,134.36,-9.65,1.05,5,993.37,58.527,46.16785,15.861108,816.25,NaN,,6.05,12.226105,147.7,17 / 21,225504,2022-07-15 14:05:44:571
-2.0512,1.7432,10.145,-0.491,0.7809,9.7632,1.0768,1.9011,-3.7575,0.207,-0.0825,0.017,69855.01,-12.9,-19.05,-38.29,137,-4.57,2.88,5,993.39,44.931,46.16784,15.861118,815,NaN,,5.87,12.226105,151.2,16 / 21,226004,2022-07-15 14:05:45:071
-0.5234,-0.0329,9.5773,-0.426,1.0881,9.7368,0.7769,-0.5333,-2.8949,0.3897,-0.4187,-0.3968,70243,-11.94,-16.72,-39.56,132.01,-4.19,5.36,5,993.39,50.788,46.16784,15.861118,815,NaN,,5.87,12.226105,151.2,16 / 21,226504,2022-07-15 14:05:45:571
-1.5212,2.5089,6.7502,-0.7251,0.2571,9.7764,0.6252,0.798,-1.0179,0.4328,-0.1062,0.0851,68463.97,-12.28,-18.49,-39.3,138.85,-1.5,4.24,5,993.38,49.904,46.167824,15.861129,815.3,NaN,,6.08,12.226105,150.8,16 / 21,227005,2022-07-15 14:05:46:072
0.0502,0.8943,6.4337,-0.5938,0.9184,9.7455,-0.2215,-1.304,-1.5411,0.3364,-0.3308,-0.2717,68706.02,-10.65,-17.21,-39.96,134.65,-5.37,3.49,5,993.41,45.48,46.167824,15.861129,815.3,NaN,,6.08,12.226105,150.8,16 / 21,227505,2022-07-15 14:05:46:572
0.0766,1.6953,6.4032,-0.6478,0.6016,9.7667,0.2484,0.112,-2.3089,0.1045,0.0379,0.1304,68230.016,-11.17,-18.66,-39.58,140.56,-3.52,3.79,5,993.41,43.493,46.167812,15.86114,815.3,NaN,,6.05,12.226105,148.9,16 / 21,228004,2022-07-15 14:05:47:071
-0.8417,1.136,5.4945,-0.8374,1.524,9.6512,-0.3081,-1.5096,-3.8146,0.5498,-0.1794,0.4598,72981,-8.19,-19.5,-39.47,139.44,-6.09,7.08,5,993.42,51.8,46.167812,15.86114,815.3,NaN,,6.05,12.226105,148.9,16 / 21,228505,2022-07-15 14:05:47:572
-1.614,2.0614,6.2058,-0.6892,0.3927,9.7745,0.3387,0.742,0.1714,0.3063,0.14,0.1056,69855.01,-9.41,-21.09,-38.61,148.93,-2.29,4.03,5,993.43,58.725,46.1678,15.86115,815.17,NaN,,5.98,12.226105,152,16 / 21,229005,2022-07-15 14:05:48:072
0.4989,1.1761,5.8499,-1.0944,1.5433,9.6224,0.7263,-0.9342,-0.3559,0.3799,-0.2501,0.5155,73889.016,-8.31,-21.39,-38.57,140.11,-9.05,6.49,5,993.43,41.903,46.1678,15.86115,815.17,NaN,,5.98,12.226105,152,16 / 21,229505,2022-07-15 14:05:48:572
-0.9051,1.2592,8.0507,0.1748,0.0745,9.8048,0.2895,1.301,-0.0144,-0.9213,-0.3164,-1.1151,77330.98,-14.17,-22.28,-36.79,148.44,-0.44,-1.02,5,993.44,49.92,46.167786,15.86116,815.56,NaN,,6.01,12.226105,154,16 / 21,230007,2022-07-15 14:05:49:074
0.009,0.3057,6.4923,-1.2641,1.2599,9.6429,2.834,-0.5962,-1.3183,-0.0435,0.0171,0.4063,71210.01,-8.04,-19.33,-39.66,134.71,-7.82,8.36,5,993.44,41.148,46.167786,15.86116,815.56,NaN,,6.01,12.226105,154,16 / 21,230505,2022-07-15 14:05:49:572
-2.2032,-0.125,11.0387,-0.148,0.4405,9.7956,-0.9524,-0.2322,3.2745,-0.917,-0.3691,-0.985,74657.98,-10.16,-22.86,-37.37,153.66,-2.57,0.87,5,993.45,45.091,46.167767,15.861168,815.96,NaN,,5.94,12.226105,156.3,16 / 20,231005,2022-07-15 14:05:50:072
1.3125,0.8279,8.8863,-1.3562,1.0503,9.6555,-0.9377,-2.449,4.7726,0.2009,0.4492,0.4631,72037.016,-7.03,-20.21,-39.62,141.57,-6.15,8,5,993.45,42.719,46.167767,15.861168,815.96,NaN,,5.94,12.226105,156.3,16 / 20,231506,2022-07-15 14:05:50:573
0.4433,2.1727,9.9942,-0.8993,0.2541,9.762,-1.4193,0.0835,2.5635,-0.3861,0.1944,-0.306,73231.02,-6.36,-23.06,-37.65,156.76,-1.48,5.26,5,993.47,45.655,46.167755,15.861176,815.89,NaN,,5.8,12.226105,158.7,16 / 20,232005,2022-07-15 14:05:51:072
-0.8596,0.7041,9.076,-0.9448,1.4451,9.6535,-0.7396,-0.8816,1.4284,0.4385,-0.2385,0.5911,70769.98,-3.15,-20.55,-39.28,155.01,-7.65,6.38,5,993.46,45.794,46.167755,15.861176,815.89,NaN,,5.8,12.226105,158.7,16 / 20,232505,2022-07-15 14:05:51:572
-1.5745,2.0722,9.8626,-0.4968,2.3308,9.5127,2.5249,1.2818,1.4189,-0.9721,-0.2432,-0.7008,78721,-7.46,-26.38,-35.55,152.17,-13.75,2.99,5,993.46,43.2,46.167744,15.861182,815.85,NaN,,5.58,12.226105,159.9,16 / 20,233004,2022-07-15 14:05:52:071
-0.5348,0.8847,8.4467,-0.8268,2.2002,9.5208,-1.2055,-1.6683,3.1797,0.3017,0.2383,0.6271,79753.01,-6.11,-26.76,-35.38,154.17,-12.97,4.96,5,993.45,49.353,46.167744,15.861182,815.85,NaN,,5.58,12.226105,159.9,16 / 20,233504,2022-07-15 14:05:52:571
-0.1268,2.4449,11.3964,-0.1856,1.1406,9.7383,-1.0359,0.303,1.621,-0.9252,-0.1051,-0.6886,77417.984,-8.51,-28.56,-34.61,158.67,-6.68,1.09,5,993.44,53.405,46.16773,15.86119,814.99,NaN,,5.58,12.226105,157.1,16 / 20,234004,2022-07-15 14:05:53:071
0.2387,0.9954,9.0849,-0.9862,1.6899,9.6095,-0.6483,-0.9241,1.8949,-0.0916,0.2327,1.2368,76847,-4.07,-23.83,-36.88,155.22,-11.88,5.26,5,993.47,59.303,46.16773,15.86119,814.99,NaN,,5.58,12.226105,157.1,16 / 20,234504,2022-07-15 14:05:53:571
1.3113,2.5298,9.4935,0.1185,1.9893,9.602,1.2898,0.036,1.9794,-0.5127,-0.1458,-0.3694,77007.984,-11.04,-25.74,-34.87,150.04,-11.7,-0.71,5,993.47,62.468,46.167717,15.861199,814.69,NaN,,5.76,12.226105,155.2,15 / 21,235004,2022-07-15 14:05:54:071
-1.2646,0.8734,11.135,-0.7775,1.9387,9.5816,-1.2124,0.2182,3.021,0.0205,0.1848,0.3286,77125.03,-17.46,-28.29,-35.14,137.56,-12.78,1.62,5,993.49,53.78,46.167717,15.861199,814.69,NaN,,5.76,12.226105,155.2,15 / 21,235505,2022-07-15 14:05:54:572
-2.8738,0.2674,12.4116,-0.2312,1.541,9.6821,2.1428,0.9739,1.6486,-0.6775,-0.2425,-1.3111,74614.03,-20.57,-28.82,-34.01,136.99,-9.04,1.37,5,993.48,53.68,46.167706,15.861207,815.12,NaN,,5.87,12.226105,159.8,16 / 21,236004,2022-07-15 14:05:55:071
-1.6313,0.9069,9.9284,-0.9164,1.9819,9.5605,0.184,0.3536,2.5717,-0.051,-0.2011,0.2196,72550.016,-17.62,-27.02,-36.62,132.58,-11.53,4.92,5,993.5,48.634,46.167706,15.861207,815.12,NaN,,5.87,12.226105,159.8,16 / 21,236504,2022-07-15 14:05:55:571
-2.3133,1.7958,10.2748,-0.1897,2.1524,9.5657,0.7866,-0.4651,0.791,-0.6203,0.2237,-0.9348,78005.03,-12.04,-26.4,-35.44,144.42,-12.68,1.14,5,993.5,50.43,46.167686,15.861212,815.43,NaN,,5.87,12.226105,163,17 / 21,237005,2022-07-15 14:05:56:072
-1.1821,2.2217,12.8339,-0.9326,2.2672,9.4953,-0.9404,-0.8687,2.6769,0.7706,0.4467,0.3631,72028.984,-8.16,-24.32,-37.09,153.58,-9.28,1.27,5,993.51,47.605,46.167686,15.861212,815.43,NaN,,5.87,12.226105,163,17 / 21,237505,2022-07-15 14:05:56:572
2.4162,2.4491,12.332,-0.1997,1.9499,9.6088,1.0011,-0.212,1.2012,0.1006,-0.3885,-0.6129,77044.98,-10.95,-25.63,-36.45,141.76,-13.04,4.4,5,993.51,40.068,46.16767,15.861216,814.95,NaN,,6.01,12.226105,163.7,17 / 21,238004,2022-07-15 14:05:57:071
-3.0191,0.3141,14.1739,-1.0188,1.8256,9.5812,-1.3026,-0.2148,2.9572,0.1296,1.0298,0.5294,70543.984,-8.29,-23.42,-37.33,159.36,-5.2,-0.99,5,993.52,50.413,46.16767,15.861216,814.95,NaN,,6.01,12.226105,163.7,17 / 21,238505,2022-07-15 14:05:57:572
2.4814,1.4124,12.2596,-0.462,2.2472,9.5345,0.4635,-0.873,-1.7504,-0.3206,-0.3441,-1.0463,76196.03,-8.59,-25.14,-36.34,146.47,-13.25,2.77,5,993.51,35.902,46.16766,15.86122,813.95,NaN,,5.8,12.226105,164,17 / 21,239005,2022-07-15 14:05:58:072
-3.326,2.3186,12.8937,-0.5964,1.7058,9.6387,-1.46,1.1427,-2.0449,0.1989,-0.0069,0.166,70074.99,-7.69,-23.74,-37.65,155.56,-5.97,1.61,5,993.52,38.05,46.16766,15.86122,813.95,NaN,,5.8,12.226105,164,17 / 21,239506,2022-07-15 14:05:58:573
0.8877,1.1773,9.1382,-0.1781,2.3492,9.5195,1.0926,-0.2348,-2.2233,0.168,-0.2566,-0.3884,76151.01,-10.26,-23.94,-36.3,142.63,-12.38,3.4,5,993.53,36.156,46.16765,15.861224,813.77,NaN,,5.9,12.226105,164.8,18 / 21,240006,2022-07-15 14:05:59:073
-2.348,2.4317,7.7486,-0.0564,0.7756,9.7758,-0.7353,1.4423,-2.2543,0.4136,-0.2867,0.3876,72264.016,-9.53,-23.59,-36.84,155.35,-3.09,0.13,5,993.54,40.097,46.16765,15.861224,813.77,NaN,,5.9,12.226105,164.8,18 / 21,240504,2022-07-15 14:05:59:571
2.0746,0.9494,8.3252,-0.9674,2.1079,9.5284,1.3231,-1.5805,-3.1737,0.2479,0.0355,-0.3538,74394.99,-9.32,-22.44,-37.99,140.85,-9.68,5.49,5,993.55,41.407,46.167633,15.861229,813.36,NaN,,5.62,12.226105,160.9,17 / 21,241005,2022-07-15 14:06:00:072
-2.9198,2.2947,8.8038,0.1829,1.0164,9.7521,-1.7025,1.728,-2.5567,0.1318,-0.4071,-0.3651,71640.99,-7.16,-23.38,-37.29,162.81,-1.85,-0.4,5,993.55,40.587,46.167633,15.861229,813.36,NaN,,5.62,12.226105,160.9,17 / 21,241505,2022-07-15 14:06:00:572
0.3894,1.4614,7.1288,-0.8507,2.3913,9.4725,0.9437,-0.8898,-4.3607,0.3407,0.0524,0.4809,74937.016,-6.94,-23.51,-37.71,146.27,-10.92,6.18,5,993.57,41.234,46.16762,15.861235,812.6,NaN,,5.65,12.226105,158.5,16 / 21,242005,2022-07-15 14:06:01:072
-2.4108,2.1476,6.6736,-0.0205,0.3594,9.8,-0.7499,0.8781,0.2604,0.4615,-0.3407,0.1636,70835.984,-6.84,-24.47,-37.01,161.14,-3.67,0.58,5,993.56,42.048,46.16762,15.861235,812.6,NaN,,5.65,12.226105,158.5,16 / 21,242505,2022-07-15 14:06:01:572
-0.0694,0.9452,7.1444,-0.734,1.3857,9.6805,0.8584,-1.418,-0.5773,0.2859,-0.2318,0.2583,74387.03,-9.17,-22.76,-38.12,143.17,-8.88,5.73,5,993.59,41.853,46.167606,15.861242,811.97,NaN,,5.54,12.226105,156.6,16 / 21,243005,2022-07-15 14:06:02:072
-1.386,2.2881,7.0343,-0.2731,0.8703,9.7641,-0.1469,0.927,-1.4986,-0.1181,-0.0096,-0.1813,71136.02,-10.5,-22.59,-37.44,150.33,-4.18,2.42,5,993.58,34.879,46.167606,15.861242,811.97,NaN,,5.54,12.226105,156.6,16 / 21,243505,2022-07-15 14:06:02:572
0.0407,1.3591,5.5962,-0.8731,1.5105,9.6502,0.4807,-0.5813,-2.9138,-0.0121,0.1258,0.3415,72914.984,-11.06,-23.12,-38.06,138.17,-9,6.48,5,993.61,38.779,46.167595,15.861251,810.66,NaN,,5.65,12.226105,153.5,16 / 21,244004,2022-07-15 14:06:03:071
-1.9029,0.9422,10.5673,-0.2722,0.9909,9.7527,-1.6183,0.3293,0.6509,-0.3855,-0.2172,-0.4252,70710.98,-13.52,-23.55,-37.35,138.42,-11.39,0.65,5,993.6,37.603,46.167595,15.861251,810.66,NaN,,5.65,12.226105,153.5,16 / 21,244505,2022-07-15 14:06:03:572
-0.2734,0.1819,6.9948,-1.2655,1.3893,9.6249,-1.1524,-1.7826,3.0615,0.4409,0.2354,0.7504,71686.016,-8.51,-22.29,-38.79,139.97,-9.39,6.02,5,993.62,35.113,46.167583,15.861259,811.78,NaN,,5.33,12.226105,154.2,17 / 21,245006,2022-07-15 14:06:04:073
-1.4746,1.4542,8.2331,-0.4411,0.4871,9.7846,-0.9625,0.3893,2.1418,-0.7802,-0.1825,-0.5814,69759.97,-9.81,-23.68,-36.86,146.62,-9.22,2.74,5,993.63,46.079,46.167583,15.861259,811.78,NaN,,5.33,12.226105,154.2,17 / 21,245504,2022-07-15 14:06:04:571
-0.1202,0.8686,9.463,-1.7503,1.7764,9.4843,0.618,-1.4399,1.4005,0.3691,0.6574,1.4974,70807.03,-8.31,-21.54,-38.98,137.62,-10.26,8.5,5,993.62,39.304,46.16757,15.861268,810.78,NaN,,5.54,12.226105,150.9,17 / 21,246005,2022-07-15 14:06:05:072
-0.3972,2.4191,10.8718,-0.7525,1.3115,9.6894,1.235,1.0285,-0.0914,-1.74,-0.7139,-0.7492,71692.97,-9.96,-24.43,-36.82,133.48,-13.98,8.96,5,993.65,50.539,46.16757,15.861268,810.78,NaN,,5.54,12.226105,150.9,17 / 21,246505,2022-07-15 14:06:05:572
-1.258,-1.4136,11.1751,-1.0864,1.2041,9.6716,0.7557,0.2893,2.4261,-0.465,-0.0587,-0.0102,69255,-11.34,-19.78,-39.6,132.52,-9.94,4.55,5,993.67,38.976,46.16756,15.861279,808.74,NaN,,5.72,12.226105,144.9,17 / 21,247004,2022-07-15 14:06:06:071
0.0879,1.6164,12.2435,-0.2449,0.6052,9.7849,-0.2549,-0.0355,2.1429,-0.8948,0.5998,-0.8817,74841.03,-14.36,-20.44,-38.44,134.58,-10.78,-2.04,5,993.68,50.332,46.16756,15.861279,808.74,NaN,,5.72,12.226105,144.9,17 / 21,247505,2022-07-15 14:06:06:572
-1.5541,0.7956,9.4517,-0.531,1.9674,9.5926,0.4095,-0.2917,3.8091,0.213,0.1366,0.0639,72447.01,-13.95,-21.69,-38.32,129.1,-13.82,1.91,5,993.69,41.559,46.16755,15.861292,808.52,NaN,,5.8,12.226105,143.4,17 / 21,248004,2022-07-15 14:06:07:071
-0.2148,0.4211,13.6068,0.1609,1.745,9.6488,0.4261,-0.6655,0.6176,-0.7173,0.1481,-0.6882,74657.98,-15.97,-21.67,-37.74,134.46,-8.02,1.28,5,993.7,51.597,46.16755,15.861292,808.52,NaN,,5.8,12.226105,143.4,17 / 21,248505,2022-07-15 14:06:07:572
-0.9075,1.6337,14.0501,0.1063,2.625,9.4482,-1.2874,-0.5963,3.4004,0.3214,0.4036,0.2451,79585,-16.72,-21.54,-36.71,132.35,-13.2,-4.7,5,993.72,50.322,46.167538,15.861304,808.37,NaN,,5.8,12.226105,144.1,17 / 21,249005,2022-07-15 14:06:08:072
-1.3047,3.2405,11.1547,0.5154,3.2546,9.2364,0.4955,-0.4058,1.0012,1.0193,-0.4726,-0.4724,77578.97,-17.93,-23.36,-34.73,126.76,-15.61,-1.89,5,993.74,52.446,46.167538,15.861304,808.37,NaN,,5.8,12.226105,144.1,17 / 21,249506,2022-07-15 14:06:08:573
-0.2895,3.3637,10.2144,-1.3171,2.8231,9.2987,-1.0219,0.0975,1.9748,0.5489,0.8748,0.749,75244.01,-15.99,-25.78,-34.31,131.08,-16.4,3.28,5,993.73,61.103,46.16752,15.861317,805.85,NaN,,5.94,12.226105,145.4,17 / 21,250004,2022-07-15 14:06:09:071
1.319,3.0622,10.7521,-0.0179,2.6627,9.4382,0.7042,-0.6093,-2.0479,0.2003,-0.4081,-0.8062,74862.97,-18.69,-24.07,-36.02,127.36,-12.87,2.19,5,993.76,55.049,46.16752,15.861317,805.85,NaN,,5.94,12.226105,145.4,17 / 21,250504,2022-07-15 14:06:09:571
0.1831,2.8008,11.7105,0.2793,2.7114,9.4202,-1.5572,0.8746,-1.8539,0.4586,-0.4872,0.0642,77915.99,-16.95,-23.87,-35.21,136.1,-10.8,-1.11,5,993.75,59.253,46.167507,15.861329,806.3,NaN,,5.69,12.226105,142.7,17 / 21,251006,2022-07-15 14:06:10:073
0.1573,1.7617,13.0953,0.0452,2.4121,9.5053,0.9287,0.0145,-1.8545,0.1466,0.1252,0.0305,77865.03,-17.83,-24.17,-34.67,130.15,-13.58,-0.18,5,993.77,56.814,46.167507,15.861329,806.3,NaN,,5.69,12.226105,142.7,17 / 21,251504,2022-07-15 14:06:10:571
-0.6012,4.0265,11.3653,-0.3199,3.2123,9.2601,-1.1748,1.3779,-1.8253,0.2918,-0.1085,0.4056,76210,-18.02,-24.19,-35.49,129.42,-14.42,-0.63,5,993.77,55.494,46.167496,15.861343,805.21,NaN,,5.76,12.226105,141.4,15 / 21,252004,2022-07-15 14:06:11:071
0.4947,2.5208,6.3559,-0.8929,2.9503,9.3096,1.2269,-1.4169,-3.1641,-0.0179,-0.3907,-0.2537,75814.99,-20.76,-25.48,-34.69,121.31,-16.21,5.91,5,993.77,57.651,46.167496,15.861343,805.21,NaN,,5.76,12.226105,141.4,15 / 21,252504,2022-07-15 14:06:11:571
-2.4126,2.8271,8.2959,-0.6967,1.6391,9.6436,-1.1412,0.9803,-1.4084,0.1781,-0.2062,0.3425,70235.98,-16.71,-21.81,-37.29,132.57,-6.17,4.16,5,993.77,44.845,46.16749,15.861357,804.17,NaN,,5.62,12.226105,140.8,16 / 21,253004,2022-07-15 14:06:12:071
1.3866,1.5858,9.2225,-1.4415,2.2179,9.4432,1.1537,-0.8603,-3.0179,0.2789,0.0626,0.3125,68917.98,-19.11,-18.3,-39,112.31,-11.8,9.91,5,993.78,48.747,46.16749,15.861357,804.17,NaN,,5.62,12.226105,140.8,16 / 21,253505,2022-07-15 14:06:12:572
-2.805,2.4425,9.0006,-0.6514,1.1159,9.7212,-0.6777,1.0728,-1.8999,0.254,0.0531,-0.0578,68867.016,-18.62,-17.85,-39.24,122.24,-6.53,3.83,5,993.8,54.12,46.167477,15.861373,804.35,NaN,,5.72,12.226105,131.7,16 / 20,254005,2022-07-15 14:06:13:072
0.0999,1.8096,7.8413,-1.109,2.0895,9.5171,-0.1455,-1.8658,-0.9493,0.5398,-0.2434,-0.2062,67959,-17.85,-18.6,-39.81,117.85,-9.6,8.69,5,993.8,60.792,46.167477,15.861373,804.35,NaN,,5.72,12.226105,131.7,16 / 20,254505,2022-07-15 14:06:13:572
-0.7723,3.1244,6.5647,-0.6399,1.5962,9.6547,-0.0776,0.3408,-1.3608,0.2757,-0.3703,0.2036,67344.01,-17.25,-20.61,-38.03,127.25,-7.09,7.2,5,993.8,60.877,46.16747,15.86139,804.41,NaN,,5.87,12.226105,127.4,16 / 20,255004,2022-07-15 14:06:14:071
-0.6042,1.4919,8.068,-0.4775,2.0725,9.5733,0.2044,-1.0341,-2.2431,0.5123,-0.3478,-0.0289,68068.016,-17.85,-18.83,-38.64,118.99,-10.19,5.97,5,993.8,57.941,46.16747,15.86139,804.41,NaN,,5.87,12.226105,127.4,16 / 20,255504,2022-07-15 14:06:14:571
-1.1641,2.8211,7.3711,-0.8234,1.0189,9.7188,-0.1238,-0.6341,1.538,0.4741,-0.392,-0.0224,66845.99,-16.2,-19.74,-37.93,130.05,-5.96,4.84,5,993.84,59.303,46.16746,15.861406,803.89,NaN,,5.87,12.226105,124.5,16 / 20,256005,2022-07-15 14:06:15:072
0.9613,2.0106,6.2076,-0.9553,2.4225,9.4546,1.0557,-1.1133,0.1147,0.3535,-0.0057,-0.0684,71062.99,-16.35,-20.98,-38.62,118.46,-14.44,6.95,5,993.83,52.99,46.16746,15.861406,803.89,NaN,,5.87,12.226105,124.5,16 / 20,256504,2022-07-15 14:06:15:571
-1.5392,2.473,8.016,-0.514,1.5704,9.6664,-0.373,0.8461,-1.1588,-0.5149,-0.0077,-0.1128,74020.98,-18.11,-23.03,-36.23,129.13,-10.96,2.47,5,993.83,58.421,46.167454,15.861423,804.16,NaN,,5.87,12.226105,127.6,16 / 20,257006,2022-07-15 14:06:16:073
0.0461,1.6493,5.7212,-0.9715,2.1595,9.5165,0.8624,-1.8507,-0.2413,0.4234,0.073,0.8072,69532.97,-17.72,-20.14,-37.82,119.56,-11.03,7.28,5,993.86,53.407,46.167454,15.861423,804.16,NaN,,5.87,12.226105,127.6,16 / 20,257505,2022-07-15 14:06:16:572
-1.873,2.3557,7.1539,-0.3884,1.7101,9.6486,0.6943,0.3989,2.5592,-0.0564,0.1203,-0.1603,72458.016,-20.98,-19.58,-37.46,120.8,-10.04,2.31,5,993.86,60.189,46.16744,15.861438,803.86,NaN,,5.83,12.226105,129.9,16 / 21,258005,2022-07-15 14:06:17:072
-0.9613,0.5647,8.3246,-1.6363,2.0955,9.4394,-1.8565,-1.4434,2.1055,0.015,0.2566,1.3037,68699.01,-17.29,-19.93,-38.18,115.35,-14.26,9.14,5,993.88,58.968,46.16744,15.861438,803.86,NaN,,5.83,12.226105,129.9,16 / 21,258504,2022-07-15 14:06:17:571
-1.1408,2.3163,8.8092,-1.0528,1.6043,9.6171,-0.1515,0.17,1.4294,-0.4023,0.103,-0.1486,69057.02,-19.2,-18.3,-37.86,111.24,-14.06,5.16,5,993.88,52.266,46.16743,15.861454,803.66,NaN,,5.76,12.226105,127.4,17 / 21,259004,2022-07-15 14:06:18:071
0.7358,1.9968,10.6941,-1.5604,1.7899,9.5148,0.5555,-0.4237,1.3752,-0.0786,0.1048,0.8133,67154,-16.74,-17.03,-39.73,111.31,-11.72,10.01,5,993.9,63.76,46.16743,15.861454,803.66,NaN,,5.76,12.226105,127.4,17 / 21,259505,2022-07-15 14:06:18:572
-1.5589,1.0768,9.8189,-0.7832,1.3742,9.6782,2.3633,0.8428,2.4395,-0.7928,-0.1008,-0.661,67227.03,-18.26,-15.6,-39.84,116.29,-8.06,4.63,5,993.92,62.966,46.167423,15.861469,802.57,NaN,,5.69,12.226105,125.5,17 / 21,260005,2022-07-15 14:06:19:072
2.0148,-0.0132,12.8812,-1.2582,1.3934,9.6253,0.2067,0.6957,2.7825,-0.5545,-0.3275,0.3273,68690.98,-16.48,-15.47,-39.75,109.57,-11.19,7.08,5,993.93,59.512,46.167423,15.861469,802.57,NaN,,5.69,12.226105,125.5,17 / 21,260505,2022-07-15 14:06:19:572
-1.6522,0.8489,11.5711,-0.5262,0.9277,9.7485,0.5144,-0.3962,4.0613,-0.6461,-0.0228,-1.5665,68684.02,-18.69,-15.41,-39.56,108.45,-11.2,3.78,5,993.92,52.746,46.167416,15.861486,802.28,NaN,,5.98,12.226105,124.4,17 / 21,261005,2022-07-15 14:06:20:072
-3.469,-1.1833,16.8784,-1.7737,1.1052,9.5814,-0.3541,-1.4983,5.405,-0.4326,0.2589,0.3488,67628.99,-15.77,-15.13,-40.18,111.51,-9.5,8.96,5,993.91,64.605,46.167416,15.861486,802.28,NaN,,5.98,12.226105,124.4,17 / 21,261505,2022-07-15 14:06:20:572
-0.5043,1.9795,10.8347,-1.0033,2.3441,9.4694,1.1496,-0.6998,1.0084,-0.9168,0.1561,-0.9434,69094.016,-16.84,-16.69,-39.11,110.04,-13.83,6.05,5,993.9,54.503,46.167408,15.861504,800.81,NaN,,5.9,12.226105,124.8,17 / 21,262005,2022-07-15 14:06:21:072
-4.8174,-0.6078,13.9011,-2.0609,1.4534,9.4768,-1.5278,-0.5772,3.238,0.2691,0.858,0.4682,65865.016,-14.04,-15.86,-40.16,118.97,-8.36,6.73,5,993.91,58.827,46.167408,15.861504,800.81,NaN,,5.9,12.226105,124.8,17 / 21,262504,2022-07-15 14:06:21:571
-1.3005,0.4128,14.5699,-0.366,1.2701,9.7172,0.3935,-0.4481,2.0535,-0.0539,-0.0824,-0.275,70176.984,-17.62,-14.81,-40.01,111.92,-9.92,2.92,5,993.92,55.422,46.1674,15.861521,799.6,NaN,,6.01,12.226105,124.4,17 / 21,263004,2022-07-15 14:06:22:071
-0.9123,2.269,13.0828,-0.6217,2.0737,9.5647,-1.5525,0.057,2.5646,-0.1474,-0.028,0.5195,69246.97,-19.78,-15.6,-38.38,108.43,-13.25,1.43,5,993.94,58.231,46.1674,15.861521,799.6,NaN,,6.01,12.226105,124.4,17 / 21,263505,2022-07-15 14:06:22:572
-1.0696,1.2455,12.6568,0.3833,2.6686,9.4288,1.5344,-0.3573,-0.5215,-1.0166,0.0869,-1.0307,73787.02,-23.61,-17.68,-36.07,107.89,-15.79,-2.33,5,993.94,61.284,46.167393,15.861539,799.67,NaN,,6.05,12.226105,126.6,16 / 21,264004,2022-07-15 14:06:23:071
-0.21,1.3442,11.4036,-0.2951,1.8493,9.6262,0.0581,-0.6907,2.9964,0.4023,0.2856,0.0339,71472.984,-23.47,-16.18,-37.31,117.57,-6.53,-1.08,5,993.92,52.919,46.167393,15.861539,799.67,NaN,,6.05,12.226105,126.6,16 / 21,264504,2022-07-15 14:06:23:571
1.2006,0.7699,12.2016,0.2365,1.388,9.705,1.3818,-0.1242,1.587,-0.0387,-0.0739,-0.6225,72600.98,-22.76,-14.57,-37.54,112.71,-7.88,0.11,5,993.92,55.53,46.167385,15.861555,798.93,NaN,,5.83,12.226105,127.5,16 / 21,265005,2022-07-15 14:06:24:072
-0.737,-1.5942,12.6754,-0.6434,0.4987,9.7728,-2.0454,-1.1898,2.6519,0.4481,0.3682,0.5527,80500.98,-20.01,-11.83,-38.93,118.19,-1.64,0.45,5,993.94,41.924,46.167385,15.861555,798.93,NaN,,5.83,12.226105,127.5,16 / 21,265506,2022-07-15 14:06:24:573
3.0592,0.7286,10.678,0.1446,0.9719,9.7573,0.5131,0.7089,-2.3737,0.0086,-0.2059,-0.6522,78210.02,-21.92,-12.45,-39.47,110.58,-5.69,-0.85,5,993.94,43.873,46.167377,15.861572,798.39,NaN,,5.9,12.226105,126.4,17 / 21,266004,2022-07-15 14:06:25:071
-4.282,0.5988,12.6012,-0.1663,1.4881,9.6917,-1.8708,0.2285,-1.9446,1.04,-0.1701,0.1418,66627.97,-21.02,-13.11,-39.39,118.74,-2.18,-0.03,5,993.94,44.04,46.167377,15.861572,798.39,NaN,,5.9,12.226105,126.4,17 / 21,266506,2022-07-15 14:06:25:573
-0.8154,2.0273,9.3852,-0.7652,1.7921,9.6111,0.6125,-0.1138,0.3023,0.6693,0.4119,-0.0466,40816.98,-20.81,-14.98,-39.26,115.22,-5.56,4.58,5,993.96,48.381,46.16737,15.861589,798.26,NaN,,5.62,12.226105,124.9,17 / 21,267004,2022-07-15 14:06:26:071
-2.1356,2.0447,9.4983,-0.256,0.9105,9.7609,-0.291,1.3026,-3.0074,0.2534,0.067,0.1058,32607.023,-19.99,-14.89,-39,118.4,-5.33,1.5,5,993.94,42.265,46.16737,15.861589,798.26,NaN,,5.62,12.226105,124.9,17 / 21,267506,2022-07-15 14:06:26:573
0.4116,0.7555,11.613,-0.1427,0.8278,9.7706,-0.449,-0.9969,-1.6389,0.1022,0.0913,-0.2351,75732.03,-21.6,-13.72,-38.34,115.53,-4.84,0.84,5,993.91,50.762,46.16736,15.861606,798.42,NaN,,5.65,12.226105,124.4,17 / 21,268005,2022-07-15 14:06:27:072
-1.27,1.1862,9.8907,-0.0773,1.0219,9.753,-0.5444,0.3528,-1.2601,0.5263,-0.0881,0.0344,54608.984,-22.84,-12.47,-38.25,113.38,-2.8,0.7,5,993.95,41.333,46.16736,15.861606,798.42,NaN,,5.65,12.226105,124.4,17 / 21,268504,2022-07-15 14:06:27:571
-0.6221,0.9332,7.3005,-0.11,1.0761,9.7468,0.0039,-0.3147,-2.2433,0.3315,-0.0868,-0.0094,22853.004,-22.18,-12.47,-38.68,111.77,-4.27,1.14,5,993.97,46.445,46.16735,15.861623,797.25,NaN,,5.83,12.226105,123.6,17 / 21,269004,2022-07-15 14:06:28:071
-1.0164,1.727,8.5723,-0.2155,0.5351,9.7897,0.02,0.2116,-0.7859,0.1415,-0.0887,0.0964,14013.002,-25.03,-12.97,-38.81,112.83,-3.13,1.26,5,993.95,45.678,46.16735,15.861623,797.25,NaN,,5.83,12.226105,123.6,17 / 21,269504,2022-07-15 14:06:28:571
0.3739,0.3188,7.0427,-0.0855,0.3997,9.7981,0.2576,0.1965,-0.6425,0.7359,-0.382,-0.3551,49002.977,-33.92,-14.34,-36.79,110,-2.34,0.5,5,994,53.86,46.167347,15.861642,796.91,NaN,,5.87,12.226105,122.8,18 / 21,270004,2022-07-15 14:06:29:071
-0.3099,0.3021,9.7579,0.6867,0.4845,9.7706,2.3475,-0.5774,-1.1135,0.2715,-0.2748,-0.0836,70769.98,-32.62,-13.84,-37.82,112.73,-0.59,-0.78,5,993.94,46.097,46.167347,15.861642,796.91,NaN,,5.87,12.226105,122.8,18 / 21,270505,2022-07-15 14:06:29:572
0.4959,1.474,8.1326,-0.0286,0.5547,9.7909,0.1267,-0.1336,-1.7057,0.174,0.1992,0.2631,71810.016,-24.39,-11.7,-37.16,113.89,-1.87,0.58,5,994.04,59.609,46.16734,15.86166,795.63,NaN,,5.83,12.226105,123.9,18 / 21,271006,2022-07-15 14:06:30:073
0.0299,1.526,7.852,0.0178,0.2552,9.8033,1.0386,0.2042,-0.3918,0.1636,-0.2404,0.5179,70228.016,-22.59,-12.41,-37.93,115.64,-1.49,-0.1,5,993.96,58.169,46.16734,15.86166,795.63,NaN,,5.83,12.226105,123.9,18 / 21,271505,2022-07-15 14:06:30:572
-1.1168,0.8925,9.1334,-0.1109,0.3474,9.7999,0.8517,-0.108,0.8449,-0.6398,0.5231,-0.3988,71642.01,-22.41,-11.55,-38.62,115.33,-2.03,0.65,5,994.02,62.247,46.167328,15.861677,795.02,NaN,,5.76,12.226105,128.2,17 / 21,272005,2022-07-15 14:06:31:072
0.4337,1.8293,8.1888,-0.5799,0.7436,9.7612,0.2344,-0.3298,0.1689,0.1392,-0.1998,0.0881,68808.016,-20.57,-13.82,-38.64,115.16,-3.79,5.37,5,993.96,46.568,46.167328,15.861677,795.02,NaN,,5.76,12.226105,128.2,17 / 21,272505,2022-07-15 14:06:31:572
0.1101,1.7503,6.8435,-0.0618,1.5642,9.6809,-0.6482,-0.4346,-0.7577,-0.2243,0.1685,0.2217,73728.02,-20.85,-16.22,-36.68,111.69,-11.05,1.41,5,994.04,48.343,46.16732,15.861693,795.91,NaN,,5.94,12.226105,130.2,17 / 21,273004,2022-07-15 14:06:32:071
-0.8082,0.8345,9.6682,0.3034,0.8912,9.7614,-0.8349,-0.0758,1.5452,-0.4239,0.2121,0.2629,76525.02,-24.36,-14.76,-36.43,116.9,-5.21,-1.78,5,993.98,52.959,46.16732,15.861693,795.91,NaN,,5.94,12.226105,130.2,17 / 21,273506,2022-07-15 14:06:32:573
0.32,1.5565,7.5523,-0.2542,1.3793,9.7058,0.6774,-0.2624,-0.1087,-0.2099,0.1757,0.1338,73955.03,-23.47,-13.24,-37.28,107.93,-8.09,1.5,5,993.99,54.022,46.167313,15.861708,795.16,NaN,,5.69,12.226105,128.9,17 / 21,274004,2022-07-15 14:06:33:071
0.5492,1.0624,9.1872,-0.4325,0.106,9.7965,1.3852,0.4545,0.4034,-0.171,0.0235,0.2679,69628.01,-23.7,-15.9,-37.12,119.49,-2.25,2.81,5,994,56.962,46.167313,15.861708,795.16,NaN,,5.69,12.226105,128.9,17 / 21,274505,2022-07-15 14:06:33:572
-0.4391,0.8339,7.9089,-0.2378,1.074,9.7448,0.9776,-0.4325,0.5785,-0.1786,0.2063,0.1089,70440.98,-21.66,-12.08,-39.32,107,-7.24,1.66,5,994.02,55.537,46.167305,15.861726,794.94,NaN,,6.12,12.226105,122.5,17 / 21,275006,2022-07-15 14:06:34:073
-2.3731,0.4433,10.2706,-0.613,0.8228,9.7528,-0.3887,-0.3995,3.4504,-0.0018,0.1472,0.3666,69299.016,-21.9,-13.22,-38.19,112.11,-4.81,3.6,5,994.02,61.249,46.167305,15.861726,794.94,NaN,,6.12,12.226105,122.5,17 / 21,275504,2022-07-15 14:06:34:571
1.7653,1.8287,9.2979,-0.6455,1.5258,9.6657,-0.1612,-0.5072,1.8578,-0.3648,0.3076,0.2858,69606,-20.66,-14.23,-37.91,109.13,-8.95,3.82,5,994.05,60.56,46.167297,15.861745,795.08,NaN,,6.01,12.226105,122.3,16 / 21,276004,2022-07-15 14:06:35:071
-2.2367,0.7729,11.1685,-0.6198,1.1655,9.7174,-0.9432,0.3448,1.7428,0.1568,0.5291,0.5415,73442.98,-21.64,-15,-36.99,111.09,-9.72,0.28,5,994.02,61.938,46.167297,15.861745,795.08,NaN,,6.01,12.226105,122.3,16 / 21,276505,2022-07-15 14:06:35:572
-0.9099,1.4608,7.2084,-0.7735,1.9899,9.5714,0.1381,-0.0256,0.7284,-0.0357,0.1361,-0.0526,72037.016,-19.28,-16.93,-37.93,109.71,-13.9,3.84,5,994.06,64.127,46.167282,15.861762,795.54,NaN,,6.05,12.226105,126.1,16 / 21,277007,2022-07-15 14:06:36:074
0.8034,1.9675,10.0552,-0.6151,1.7322,9.6328,0.1628,0.4461,2.0899,-0.4507,0.1189,-0.1184,74255,-17.81,-14.08,-36.98,110.16,-10.17,3.65,5,994.02,65.215,46.167282,15.861762,795.54,NaN,,6.05,12.226105,126.1,16 / 21,277505,2022-07-15 14:06:36:572
-3,-0.5689,14.8528,-0.4246,1.5274,9.6777,0.9927,0.4874,1.1524,-0.6092,0.0431,-0.2659,69927.98,-22.33,-12.75,-37.63,106.67,-8.96,2.51,5,994.04,63.657,46.167274,15.861778,795.21,NaN,,5.9,12.226105,126.4,16 / 21,278004,2022-07-15 14:06:37:071
0.4187,1.666,8.6483,-0.7005,1.345,9.6887,0.1044,0.0788,0.0343,-0.0936,0.4501,-0.4232,71363.03,-23.38,-12.52,-37.89,106.25,-8.89,2.1,5,994.05,63.786,46.167274,15.861778,795.21,NaN,,5.9,12.226105,126.4,16 / 21,278504,2022-07-15 14:06:37:571
-1.1988,1.7085,10.1384,-0.6581,2.1039,9.5557,-0.3394,0.5599,0.4083,-0.092,0.1348,0.0977,71926.99,-22.09,-16.56,-36.79,110.2,-12.39,3.94,5,994.03,60.428,46.167267,15.861794,793.79,NaN,,6.08,12.226105,125,16 / 21,279004,2022-07-15 14:06:38:071
-0.6855,0.5007,12.996,-0.3245,1.4393,9.695,0.1874,-0.2227,1.4248,-0.1371,0.486,-0.2026,72227.03,-22.07,-15.97,-36.73,114.34,-8.44,1.92,5,994.06,65.151,46.167267,15.861794,793.79,NaN,,6.08,12.226105,125,16 / 21,279504,2022-07-15 14:06:38:571
-1.5661,1.3167,11.8546,-0.7968,1.7074,9.6239,-0.2646,0.1251,2.7736,-0.3393,0.4608,-0.2393,69927.98,-21.06,-13.03,-38.68,104.7,-10.03,4.73,5,994.06,55.785,46.167255,15.86181,792.91,NaN,,5.72,12.226105,124.9,16 / 22,280004,2022-07-15 14:06:39:071
-1.27,0.4792,13.3735,-0.1717,1.5328,9.6846,0.1116,-0.022,0.7428,0.1287,-0.2379,-0.3815,72043.97,-23.46,-12.04,-38.06,103.06,-9.7,1.02,5,994.08,49.13,46.167255,15.86181,792.91,NaN,,5.72,12.226105,124.9,16 / 22,280504,2022-07-15 14:06:39:571
-1.0092,1.6247,11.3677,-0.1629,1.299,9.7189,0.6894,1.3318,-1.5407,0.7062,0.321,0.2521,69160.03,-25.24,-13.39,-36.68,107.43,-7.61,0.96,5,994.08,58.896,46.167248,15.861826,793.09,NaN,,5.9,12.226105,126.7,17 / 21,281005,2022-07-15 14:06:40:072
-0.0993,0.2788,13.462,-0.1907,1.3267,9.7146,-0.3929,-0.3482,-1.6532,0.2463,-0.1768,-0.2673,70536.016,-26.04,-14.08,-36.49,108.76,-7.78,1.12,5,994.04,59.67,46.167248,15.861826,793.09,NaN,,5.9,12.226105,126.7,17 / 21,281505,2022-07-15 14:06:40:572
-3.0461,2.8714,5.7135,-0.8063,1.7695,9.6119,0.236,0.2324,-1.0466,0.6979,0.1842,-0.305,66413.99,-22.03,-15,-37.97,108.2,-10.4,4.79,5,994.16,56.029,46.16724,15.861843,793.16,NaN,,6.12,12.226105,129.6,17 / 21,282004,2022-07-15 14:06:41:071
0.2524,0.7992,11.5226,-0.204,1.1926,9.7317,0.1971,-0.7286,-0.6292,0.628,-0.092,-0.078,69592.03,-20.4,-13.84,-38.49,119.1,-3.32,1.86,5,994.06,60.268,46.16724,15.861843,793.16,NaN,,6.12,12.226105,129.6,17 / 21,282504,2022-07-15 14:06:41:571
-0.3649,1.5769,10.5607,-0.4276,1.4602,9.6879,0.1449,0.7574,-2.7006,0.3008,0.0813,0.3651,67988.03,-20.72,-14.76,-37.82,112.36,-8.56,2.53,5,994.07,45.049,46.167233,15.86186,792.71,NaN,,5.9,12.226105,130.6,17 / 22,283004,2022-07-15 14:06:42:071
0.5988,1.2508,9.4014,-0.544,1.6511,9.6513,0.0602,0.0418,-3.5051,-0.0751,0.1313,-0.3005,68668.97,-20.7,-14.66,-38.62,110,-9.69,3.23,5,994.12,43.769,46.167233,15.86186,792.71,NaN,,5.9,12.226105,130.6,17 / 22,283505,2022-07-15 14:06:42:572
-1.0786,3.1137,7.1862,-0.5826,1.4486,9.6816,-0.3794,0.9154,-2.7065,-0.067,-0.0067,0.1568,68596,-21.07,-16.14,-37.61,114.12,-8.49,3.44,5,994.13,51.141,46.167225,15.861876,792.24,NaN,,5.65,12.226105,125.6,17 / 22,284004,2022-07-15 14:06:43:071
-0.1842,2.199,5.6853,-0.3637,1.4643,9.6899,0.1898,0.7276,-4.5479,-0.1528,-0.2669,0.0368,67512.016,-20.21,-15.26,-38.29,114.45,-7.56,3.12,5,994.12,47.921,46.167225,15.861876,792.24,NaN,,5.65,12.226105,125.6,17 / 22,284505,2022-07-15 14:06:43:572
-0.7896,2.0076,6.3153,0.0074,0.994,9.7561,-0.0513,-0.2126,0.7501,0.5489,-0.1348,0.1772,69013.016,-22.07,-15.02,-38.31,116.74,-5.82,-0.04,5,994.15,54.256,46.167217,15.861893,791.63,NaN,,5.83,12.226105,127.2,17 / 22,285004,2022-07-15 14:06:44:071
-0.0036,1.7838,6.2118,-0.5802,1.301,9.7026,-0.2392,-0.9018,-0.956,0.2425,-0.4172,0.2221,67512.016,-20.91,-14.36,-38.27,111.2,-7.62,3.42,5,994.15,56.271,46.167217,15.861893,791.63,NaN,,5.83,12.226105,127.2,17 / 22,285504,2022-07-15 14:06:44:571
-0.4026,2.15,7.4686,-0.8837,0.7676,9.7365,-0.5501,0.4787,-1.8048,-0.8508,0.3999,0.0532,67659.03,-17.91,-14.63,-38.64,119.31,-4.49,5.19,5,994.18,60.482,46.167206,15.86191,793.03,NaN,,5.87,12.226105,129,17 / 22,286004,2022-07-15 14:06:45:071
-0.1543,1.1623,7.1521,-0.7711,0.7242,9.7494,1.0418,0.5521,-2.998,-0.0235,-0.1599,-0.2041,65505.984,-15.58,-12.22,-40.74,115.36,-3.38,6.32,5,994.17,59.801,46.167206,15.86191,793.03,NaN,,5.87,12.226105,129,17 / 22,286505,2022-07-15 14:06:45:572
-1.1061,1.9089,7.1611,-1.2583,-0.0178,9.7256,-0.0383,0.1289,0.3598,0.1709,-0.1649,0.5738,68501.03,-18.15,-12.24,-40.73,117.57,0.1,7.37,5,994.2,54.129,46.167194,15.861928,792.16,NaN,,5.87,12.226105,128,15 / 22,287005,2022-07-15 14:06:46:072
-0.8201,-0.0156,8.1757,-1.2613,-0.3006,9.7206,1.3772,0.0579,-0.7405,-1.1148,0.4411,-0.792,63917.977,-17.53,-9.66,-41.32,106.71,-4.25,8.5,5,994.18,61.875,46.167194,15.861928,792.16,NaN,,5.87,12.226105,128,15 / 22,287504,2022-07-15 14:06:46:571
-0.9781,1.8802,5.6477,-0.9502,0.46,9.7497,0.299,0.0589,0.6462,-0.1439,0.1687,0.3293,68243.984,-17.83,-12.13,-40.2,115.08,-2.69,5.57,5,994.2,52.598,46.167183,15.861947,791.63,NaN,,6.12,12.226105,127.2,16 / 22,288004,2022-07-15 14:06:47:071
-0.5982,0.8501,9.5521,-0.644,1.0843,9.7252,0.1283,-0.3098,-2.7674,0.1838,-0.764,0.8205,68208.01,-16.69,-13.89,-39.64,114.17,-6.51,6.53,5,994.18,60.404,46.167183,15.861947,791.63,NaN,,6.12,12.226105,127.2,16 / 22,288504,2022-07-15 14:06:47:571
-2.7769,0.2028,7.3125,-0.3082,0.3838,9.7943,0.7152,0.4776,2.7289,-0.1019,0.0877,-0.0297,69342.01,-22.86,-13.59,-37.57,117.39,-2.24,1.8,5,994.24,54.47,46.167175,15.861964,790.86,NaN,,5.98,12.226105,127,16 / 22,289005,2022-07-15 14:06:48:072
-0.2692,0.4044,6.4038,-0.6368,0.5291,9.7716,-0.5221,0.9112,-0.1686,-0.729,0.2455,0.1814,71003.99,-21.13,-10.63,-39.64,106.25,-6.28,2.76,5,994.24,55.617,46.167175,15.861964,790.86,NaN,,5.98,12.226105,127,16 / 22,289505,2022-07-15 14:06:48:572
-0.789,0.3099,9.5001,-0.2075,0.4988,9.7918,1.7024,0.5417,0.0301,-0.7173,0.1546,-0.2234,70016,-20.23,-11.38,-39.58,109.91,-5.03,0.94,5,994.27,42.852,46.167168,15.861982,790.54,NaN,,5.94,12.226105,126.1,16 / 22,290004,2022-07-15 14:06:49:071
1.8,0.4158,11.3157,-0.4471,1.458,9.6873,1.5886,-0.8158,1.2821,-0.1224,-0.0322,0.0014,71084.99,-19.41,-13.74,-38.7,107.97,-10.68,2.41,5,994.26,58.951,46.167168,15.861982,790.54,NaN,,5.94,12.226105,126.1,16 / 22,290505,2022-07-15 14:06:49:572
-0.7669,1.669,8.3533,-0.5496,0.6817,9.7675,-0.792,0.1961,3.7053,0.188,-0.141,0.2453,71525.03,-21.6,-15.94,-36.68,119.28,-3.99,3.22,5,994.28,58.931,46.16716,15.862,790.42,NaN,,5.94,12.226105,129.6,16 / 22,291005,2022-07-15 14:06:50:072
0.5438,1.2024,8.8205,-0.6167,1.5795,9.659,-0.9653,-1.1468,3.5147,-0.0722,0.066,-0.0698,70542.97,-18.79,-15.32,-37.99,108.24,-12.16,2.78,5,994.28,55.215,46.16716,15.862,790.42,NaN,,5.94,12.226105,129.6,16 / 22,291505,2022-07-15 14:06:50:572
-1.2712,0.5091,10.745,-0.0075,1.0983,9.7449,0.033,0.2552,0.5231,-0.7159,0.4471,-0.3109,71978.02,-19.39,-16.56,-37.44,118.81,-9.41,0.9,5,994.29,57.297,46.16715,15.862016,790.39,NaN,,5.94,12.226105,131.8,17 / 21,292006,2022-07-15 14:06:51:073
-0.2213,1.3077,11.1948,-1.1035,1.3779,9.6465,-0.9872,0.3203,2.3163,-0.276,1.00E-04,0.078,65974.98,-18.41,-16.39,-37.33,116.77,-9.46,2.31,5,994.31,58.523,46.16715,15.862016,790.39,NaN,,5.94,12.226105,131.8,17 / 21,292505,2022-07-15 14:06:51:572
-1.5679,-0.1537,11.735,-0.7307,0.9187,9.7361,0.2981,0.231,1.7299,-0.7724,-0.1471,0.0024,70866.02,-18.64,-15.38,-39,114.69,-8.82,0.42,5,994.31,45.618,46.167137,15.862032,789.03,NaN,,5.98,12.226105,131.3,17 / 21,293005,2022-07-15 14:06:52:072
0.131,0.1561,8.7625,-0.9406,1.1725,9.6908,0.2937,0.2369,1.3275,-0.4868,-0.0153,-0.0881,22233.016,-16.86,-14.61,-39.75,112.95,-9.01,5.7,5,994.32,45.223,46.167137,15.862032,789.03,NaN,,5.98,12.226105,131.3,17 / 21,293505,2022-07-15 14:06:52:572
1.471,2.0213,8.0363,-1.1777,0.6741,9.7123,-1.1879,0.035,2.3673,-0.4009,1.2094,0.0018,5634.023,-17.4,-15.34,-39.13,117.84,-6.98,3.7,5,994.33,44.083,46.16713,15.862047,787.04,NaN,,5.83,12.226105,131.3,17 / 22,294005,2022-07-15 14:06:53:072
-1.273,0.6766,10.1839,-0.9548,1.339,9.6678,-1.9284,-0.8803,2.0493,-0.6243,-0.1326,0.3713,67754.01,-14.87,-14.79,-39.86,119.98,-6.58,4.58,5,994.33,55.205,46.16713,15.862047,787.04,NaN,,5.83,12.226105,131.3,17 / 22,294505,2022-07-15 14:06:53:572
0.7974,0.5868,10.6678,-0.5526,0.9719,9.7427,0.0483,-0.8351,2.6654,-0.6674,0.2605,-0.2679,68867.016,-20.33,-15.69,-38.55,119,-6.18,1.87,5,994.32,43.911,46.16712,15.862062,786.53,NaN,,5.98,12.226105,132.2,17 / 22,295005,2022-07-15 14:06:54:072
-1.614,0.4146,9.9338,-0.7994,1.1687,9.7039,-0.6376,-0.3765,2.4127,-0.0575,0.2647,0.2886,66157.97,-15.88,-15.13,-38.87,118.91,-7.75,2.31,5,994.33,53.129,46.16712,15.862062,786.53,NaN,,5.98,12.226105,132.2,17 / 22,295505,2022-07-15 14:06:54:572
-2.4843,0.259,10.6164,-0.5091,1.2552,9.7127,0.5475,-0.0492,0.5399,-0.2077,0.2678,-0.7472,70652.99,-17.83,-17.29,-37.52,118.71,-9.78,1.44,5,994.31,40.443,46.167107,15.862076,785.95,NaN,,6.01,12.226105,136.3,17 / 21,296005,2022-07-15 14:06:55:072
-0.6317,1.8784,11.3994,-0.8882,1.79,9.6009,-0.8132,-0.0117,1.341,-0.2153,-0.142,0.1688,5938.988,-19.46,-18.94,-37.52,122.99,-8.35,2.53,5,994.31,49.807,46.167107,15.862076,785.95,NaN,,6.01,12.226105,136.3,17 / 21,296504,2022-07-15 14:06:55:571
-0.3787,0.2937,11.4927,-0.3054,1.4398,9.6956,0.6448,0.2691,0.733,-0.5293,0.4893,-0.0803,77221.016,-20.03,-17.21,-37.52,117.57,-9.12,1.13,5,994.28,42.516,46.167095,15.862092,785.37,NaN,,5.94,12.226105,136.8,17 / 21,297004,2022-07-15 14:06:56:071
-1.2437,1.1868,11.4287,-0.8847,1.6419,9.6277,-1.7913,-0.3407,1.893,0.0988,0.5311,0.4029,69365.03,-20.68,-16.82,-38.27,118.02,-7.44,2.54,5,994.34,41.731,46.167095,15.862092,785.37,NaN,,5.94,12.226105,136.8,17 / 21,297504,2022-07-15 14:06:56:571
0.2955,0.9027,12.3876,-0.5103,0.7876,9.7616,0.5892,0.109,2.6944,-0.0434,0.2581,-0.7149,67914.99,-18.88,-16.24,-38.46,120.26,-6.79,0.9,5,994.24,35.377,46.167088,15.862108,785.62,NaN,,6.12,12.226105,137.8,17 / 21,298004,2022-07-15 14:06:57:071
0.521,1.3274,11.936,-0.6883,1.3043,9.6951,-0.3113,1.3001,-0.7694,0.0535,0.625,0.6251,66984.98,-17.23,-15.54,-39.04,125.61,-3.25,3.44,5,994.31,46.221,46.167088,15.862108,785.62,NaN,,6.12,12.226105,137.8,17 / 21,298504,2022-07-15 14:06:57:571
0.1466,0.8806,12.6873,-0.5228,1.349,9.6994,0.3248,-0.1224,-1.5064,0.4152,-0.3803,-0.112,65176.984,-15.58,-15.88,-39.13,122.39,-5.77,4.71,5,994.28,43.83,46.167076,15.862125,785.63,NaN,,6.08,12.226105,137.7,17 / 21,299005,2022-07-15 14:06:58:072
-2.0213,0.6162,11.8774,-0.9415,1.3263,9.6708,-0.4106,0.1491,1.3526,0.1641,-0.0566,-0.0794,66816.02,-15.64,-16.26,-39.21,125.3,-4.03,4.17,5,994.3,37.555,46.167076,15.862125,785.63,NaN,,6.08,12.226105,137.7,17 / 21,299506,2022-07-15 14:06:58:573
-1.6122,0.6341,12.1406,-0.3791,1.1421,9.7325,0.0482,-0.1899,0.7042,0.102,-0.1032,-0.46,66787,-17.98,-15.77,-39.23,121.63,-6.03,1.92,5,994.29,38.971,46.167065,15.86214,784.48,NaN,,5.76,12.226105,138.7,17 / 21,300004,2022-07-15 14:06:59:071
-0.8052,1.2431,10.5033,-0.6429,0.8192,9.7512,0.1088,1.1677,-2.2883,0.5769,0.1014,0.066,65352.02,-16.48,-16.5,-39.36,127.95,-1.09,5.41,5,994.28,33.797,46.167065,15.86214,784.48,NaN,,5.76,12.226105,138.7,17 / 21,300505,2022-07-15 14:06:59:572
-1.3292,0.7998,12.0353,-0.0375,1.1642,9.7372,-0.5513,-0.0094,-2.7032,0.3671,-0.4958,-0.2766,70353.02,-16.54,-16.59,-37.63,126.99,-4.9,1.9,5,994.29,38.722,46.167053,15.862154,784.99,NaN,,5.9,12.226105,142.2,17 / 21,301004,2022-07-15 14:07:00:071
-1.1509,1.544,8.9444,-0.6302,0.8955,9.7453,-0.1114,1.1136,-2.639,0.3596,-0.2356,0.074,65638.016,-15.36,-16.69,-38.59,131.74,-0.84,5.15,5,994.28,36.998,46.167053,15.862154,784.99,NaN,,5.9,12.226105,142.2,17 / 21,301504,2022-07-15 14:07:00:571
-0.262,1.407,7.0044,-0.1823,0.8102,9.7714,-0.1676,-0.1118,-2.7579,0.5071,-0.5382,-0.1703,51685.023,-17.79,-16.33,-38.78,124.97,-1.68,4.96,5,994.3,39.662,46.16704,15.862166,785.29,NaN,,6.08,12.226105,146,17 / 22,302004,2022-07-15 14:07:01:071
0.1011,1.8341,6.5384,-0.2023,0.4384,9.7948,0.6915,0.8499,-3.2604,0.4154,0.2049,0.5709,16333.989,-17.06,-16.01,-38.62,130.13,-1.06,1.68,5,994.31,47.566,46.16704,15.862166,785.29,NaN,,6.08,12.226105,146,17 / 22,302506,2022-07-15 14:07:01:573
-0.402,1.1761,7.1079,-0.6752,0.5601,9.7673,-0.3776,-0.3427,-2.9939,0.1174,-0.2105,-0.0402,73918.984,-15.97,-16.2,-39.51,126.37,-2.15,5.5,5,994.32,43.742,46.167027,15.862177,786.49,NaN,,6.01,12.226105,140.2,16 / 22,303005,2022-07-15 14:07:02:072
-1.4883,2.3737,6.3039,-0.7,0.4759,9.7701,0.2609,1.1106,-2.6785,0.4044,-0.0086,0.2306,68573.99,-16.37,-16.09,-39.09,132.31,1.6,4.07,5,994.33,54.835,46.167027,15.862177,786.49,NaN,,6.01,12.226105,140.2,16 / 22,303505,2022-07-15 14:07:02:572
0.7334,0.7543,6.3535,-0.6235,0.7839,9.7554,0.5034,-0.6671,-2.4516,0.1391,-0.0266,0.1978,65644.97,-23.04,-19.31,-37.73,122.36,-3.87,4.77,5,994.34,52.332,46.167015,15.862191,784.02,NaN,,5.94,12.226105,139.6,16 / 22,304005,2022-07-15 14:07:03:072
0.2584,2.3192,5.9163,-0.8357,0.2555,9.7676,0.5647,0.7004,-0.1901,0.3343,-0.2985,0.1241,64986.977,-23.25,-19.72,-37.8,124.2,-3.28,5.24,5,994.34,41.748,46.167015,15.862191,784.02,NaN,,5.94,12.226105,139.6,16 / 22,304505,2022-07-15 14:07:03:572
-0.146,0.6784,7.5356,-0.7754,0.5103,9.7626,0.1413,-0.2112,-1.2395,-0.1836,-0.087,0.0031,4669.988,-16.05,-17.36,-39.06,124.77,-5.03,5.54,5,994.37,42.952,46.167004,15.862205,783.4,NaN,,5.9,12.226105,141.9,15 / 22,305005,2022-07-15 14:07:04:072
-0.2441,2.2953,6.0108,-0.1945,0.9471,9.7589,0.1892,-0.2251,-0.6627,0.0888,-0.2431,-0.1578,4035.0151,-14.42,-17.4,-38.74,130.64,-4.42,3.45,5,994.35,44.449,46.167004,15.862205,783.4,NaN,,5.9,12.226105,141.9,15 / 22,305504,2022-07-15 14:07:04:571
0.6042,1.4991,8.3707,-0.5374,1.0437,9.7361,-0.5134,-0.1709,0.7672,-0.1517,0.0361,0.3195,71275.01,-14.21,-19.37,-37.52,132.9,-6.11,3.16,5,994.39,40.266,46.166992,15.862217,783.06,NaN,,5.94,12.226105,145.9,15 / 22,306005,2022-07-15 14:07:05:072
-0.271,1.541,6.6778,-0.5576,0.5986,9.7725,0.4137,0.1463,0.1876,0.0648,-0.3175,0.1271,71553.984,-15.41,-18.69,-38.04,130.19,-7.54,2.26,5,994.37,53.349,46.166992,15.862217,783.06,NaN,,5.94,12.226105,145.9,15 / 22,306505,2022-07-15 14:07:05:572
-0.073,1.0433,7.6277,0.1058,1.0267,9.7522,-0.0945,-0.4438,-0.1453,-0.0567,-0.1968,-0.0269,62247.016,-15.84,-17.91,-38.36,129.7,-6.57,0.48,5,994.39,39.736,46.166977,15.862229,783.42,NaN,,5.9,12.226105,147.5,15 / 22,307004,2022-07-15 14:07:06:071
0.7334,1.797,9.7065,-0.112,0.6228,9.7862,-0.0516,0.4979,-0.8365,-0.2575,-0.1143,0.2234,51491.027,-17.47,-19.8,-36.99,132.68,-4.87,1.97,5,994.4,40.259,46.166977,15.862229,783.42,NaN,,5.9,12.226105,147.5,15 / 22,307505,2022-07-15 14:07:06:572
0.4056,1.7216,7.0325,-0.1981,0.9959,9.7539,-0.8579,0.2233,0.1778,-0.1219,-0.0089,0.1446,72681.98,-14.77,-18.26,-37.76,131.76,-5.83,1.16,5,994.41,38.992,46.166965,15.86224,783.58,NaN,,5.94,12.226105,149.3,14 / 22,308004,2022-07-15 14:07:07:071
-0.2058,1.2826,7.6505,-0.5396,0.2229,9.7893,0.198,-0.1565,1.1334,0.162,0.0383,0.2183,6687.968,-14.85,-17.68,-38.27,131.7,-4.27,3.13,5,994.42,38.79,46.166965,15.86224,783.58,NaN,,5.94,12.226105,149.3,14 / 22,308504,2022-07-15 14:07:07:571
-1.6343,0.0395,10.5607,-0.6099,1.0237,9.734,1.0054,0.2883,-1.1036,-0.4135,0.1748,-0.2633,2939.0176,-13.24,-18.13,-38.85,128.26,-7.85,4.56,5,994.45,39.073,46.16695,15.862251,781.66,NaN,,6.01,12.226105,148.2,15 / 22,309004,2022-07-15 14:07:08:071
-0.9739,1.2897,8.6058,-0.6283,0.7303,9.7592,-0.1853,-0.1646,0.5347,-0.4739,-0.0582,-0.0596,14980.007,-12.84,-19.39,-38.31,129.4,-7.79,6.02,5,994.45,39.385,46.16695,15.862251,781.66,NaN,,6.01,12.226105,148.2,15 / 22,309505,2022-07-15 14:07:08:572
-0.3936,0.9153,7.0648,-1.2528,1.3225,9.636,-0.679,-1.0017,2.9345,0.0643,-0.2425,0.2718,79848.99,-13.24,-17.72,-39.04,125.64,-7.75,7.41,5,994.46,54.48,46.166935,15.862265,780.32,NaN,,6.16,12.226105,148.5,15 / 22,310005,2022-07-15 14:07:09:072
-0.5593,1.2395,8.4598,-1.2437,0.4151,9.7186,-0.6561,0.26,1.1498,-0.5703,0.2756,-0.5487,64196.01,-12.62,-18.17,-38.72,126.86,-6.34,8.23,5,994.46,48.195,46.166935,15.862265,780.32,NaN,,6.16,12.226105,148.5,15 / 22,310506,2022-07-15 14:07:09:573
0.3093,0.2871,10.3214,-0.3431,0.8007,9.7679,0.012,-0.1835,1.1577,-0.3738,-0.2553,0.0376,24006.984,-12.45,-17.61,-38.94,133.26,-7.03,2.96,5,994.47,41.918,46.16692,15.862279,778.25,NaN,,6.01,12.226105,147.3,16 / 23,311005,2022-07-15 14:07:10:072
-0.5617,1.1396,6.5264,-0.5104,-0.2317,9.7906,1.3547,-0.1708,1.5655,-1.2297,0.4646,-0.0903,72995.984,-17.66,-18.08,-37.41,128.67,-5.54,-0.13,5,994.48,41.139,46.16692,15.862279,778.25,NaN,,6.01,12.226105,147.3,16 / 23,311505,2022-07-15 14:07:10:572
-1.3537,0.1789,7.063,-0.2764,0.4467,9.7926,-0.4681,-0.3212,1.5243,0.2095,0.094,0.0081,16363.013,-17.34,-15.64,-39.45,128.18,-2.61,1.62,5,994.5,43.144,46.16691,15.862292,778.45,NaN,,6.01,12.226105,147.2,16 / 23,312004,2022-07-15 14:07:11:071
3.0634,1.4794,10.605,0.5867,0.3796,9.7817,0.5013,1.1016,0.8125,-0.6083,-0.2269,-0.1592,75089.98,-16.87,-17.96,-37.12,129.36,-6.7,-0.77,5,994.5,46.312,46.16691,15.862292,778.45,NaN,,6.01,12.226105,147.2,16 / 23,312504,2022-07-15 14:07:11:571
0.7819,0.4319,10.6935,0.1138,0.7833,9.7747,0.2464,-0.4228,0.8962,-0.6783,0.4591,0.161,47425.973,-18.77,-17.64,-37.56,124.35,-8.18,-1.4,5,994.52,52.144,46.166893,15.862304,778.92,NaN,,6.05,12.226105,147.5,17 / 23,313004,2022-07-15 14:07:12:071
0.1519,2.1302,4.8694,0.4218,0.7135,9.7716,0.5388,0.4958,1.6757,-0.4904,-0.1187,0.1469,12645.99,-19.41,-19.14,-36.26,131.03,-5.91,-2.58,5,994.52,46.249,46.166893,15.862304,778.92,NaN,,6.05,12.226105,147.5,17 / 23,313504,2022-07-15 14:07:12:571
0.545,0.2794,10.4106,-0.2711,1.447,9.6955,0.0154,0.6848,1.5349,-0.2508,-0.0438,-0.1108,9319.995,-19.61,-19.95,-36.73,124.42,-8.48,1.6,5,994.53,47.102,46.16688,15.862315,777.4,NaN,,6.05,12.226105,147,17 / 23,314006,2022-07-15 14:07:13:073
0.8345,0.8016,10.6373,-0.0399,1.0638,9.7487,-0.0605,0.8201,1.8315,-0.4107,0.1528,-0.5951,4809.983,-20.34,-20.14,-36.66,125.56,-10,-2.51,5,994.54,45.749,46.16688,15.862315,777.4,NaN,,6.05,12.226105,147,17 / 23,314506,2022-07-15 14:07:13:573
1.9908,0.5749,14.9474,-0.3769,1.1692,9.7294,-0.326,-0.2333,3.1394,-0.5301,0.2496,0.0982,29923.021,-19.14,-19.31,-37.99,123.73,-8.86,0.61,5,994.54,44.032,46.166862,15.862324,777.81,NaN,,6.08,12.226105,149.7,17 / 23,315005,2022-07-15 14:07:14:072
-0.8351,0.8489,10.465,0.187,0.7318,9.7775,0.4592,1.3247,0.1648,-0.684,0.1793,-0.1183,3803.0176,-18.71,-18.96,-37.44,128.19,-5.75,0.53,5,994.56,48.836,46.166862,15.862324,777.81,NaN,,6.08,12.226105,149.7,17 / 23,315505,2022-07-15 14:07:14:572
1.1791,1.127,8.8726,-0.32,1.6092,9.6684,-0.4413,-0.0915,1.5043,-0.2883,0.1425,0.1615,3017.9927,-18.97,-19.26,-37.97,121.92,-9.44,1.9,5,994.56,49.774,46.16685,15.862332,777.11,NaN,,6.05,12.226105,151.8,17 / 23,316005,2022-07-15 14:07:15:072
0.1184,-0.3547,13.0355,-0.2639,0.691,9.7787,0.298,-0.4405,2.4198,-0.1064,0.1222,-0.3569,24373.98,-19.01,-19.24,-37.67,126.3,-8.76,-2.18,5,994.59,47.267,46.16685,15.862332,777.11,NaN,,6.05,12.226105,151.8,17 / 23,316504,2022-07-15 14:07:15:571
-0.6724,0.6347,10.2168,-0.466,0.7488,9.7669,-0.7619,-0.1553,0.934,-0.2225,0.6139,0.4118,41517.023,-16.14,-16.46,-40.56,125.02,-6.45,0.18,5,994.56,50.878,46.16684,15.862343,775,NaN,,6.08,12.226105,147.8,16 / 23,317004,2022-07-15 14:07:16:071
-1.9992,-1.0044,14.8696,-0.0825,0.8021,9.7734,0.3314,-0.4178,1.4961,-0.3625,0.4698,-0.1923,30791.004,-16.01,-16.87,-40.41,129.95,-4.69,0.48,5,994.6,43.259,46.16684,15.862343,775,NaN,,6.08,12.226105,147.8,16 / 23,317505,2022-07-15 14:07:16:572
-1.7623,-0.5408,11.6094,-0.2303,1.6468,9.6646,-1.5647,-0.6546,2.5289,-0.7721,0.4503,0.1587,42128.98,-16.46,-19.33,-38.96,125.89,-9.67,1.37,5,994.57,51.857,46.166824,15.862354,773.86,NaN,,6.08,12.226105,145.6,16 / 23,318004,2022-07-15 14:07:17:071
1.0576,0.9972,10.9872,0.3358,0.7289,9.7738,1.8376,-0.3448,2.4848,-0.1932,-0.0054,-1.2144,8317.013,-18.86,-19.11,-37.16,127.82,-7.56,-1.69,5,994.59,46.162,46.166824,15.862354,773.86,NaN,,6.08,12.226105,145.6,16 / 23,318505,2022-07-15 14:07:17:572
-2.0483,0.6173,13.1139,-0.3738,1.4701,9.6886,0.4837,0.2893,1.0579,-0.064,0.3023,0.0073,25836.031,-15.45,-19.09,-37.87,129.21,-8.79,1.48,5,994.6,45.143,46.166813,15.862366,773.81,NaN,,6.05,12.226105,145.8,17 / 23,319004,2022-07-15 14:07:18:071
-0.1723,1.4536,13.014,0.5939,1.7056,9.6389,0.6912,-0.8057,0.5243,-0.1326,-0.0748,-0.3981,26721.023,-15.06,-21.32,-36.32,138.2,-10.02,-3.53,5,994.61,48.217,46.166813,15.862366,773.81,NaN,,6.05,12.226105,145.8,17 / 23,319506,2022-07-15 14:07:18:573
-0.1998,0.3254,12.256,-0.2851,1.6174,9.6681,-0.34,-1.3093,2.7576,-0.8328,0.1932,-0.1902,67027.03,-15.41,-20.08,-37.26,130.42,-9.49,1.69,5,994.64,51.797,46.1668,15.862378,774.39,NaN,,5.83,12.226105,148.8,17 / 23,320006,2022-07-15 14:07:19:073
0.0102,-0.0401,12.4044,-0.3265,0.5948,9.7831,-0.1787,0.1075,1.2225,-0.1391,0.124,-0.4123,44318.004,-13.84,-18.92,-37.91,137.72,-4.81,0.49,5,994.64,49.821,46.1668,15.862378,774.39,NaN,,5.83,12.226105,148.8,17 / 23,320505,2022-07-15 14:07:19:572
-1.5739,0.4068,12.6467,-0.6611,1.1157,9.7205,-0.3127,-0.0304,2.3424,-0.1218,0.2653,0.3551,25549.021,-13.61,-18.02,-38.55,129.08,-8.68,1.05,5,994.64,43.198,46.166786,15.862392,774.19,NaN,,6.05,12.226105,148,17 / 23,321004,2022-07-15 14:07:20:071
0.4708,0.8489,13.0253,0.0098,1.3769,9.7095,0.7528,-0.5033,-0.744,-0.4136,0.3766,-0.5103,6878.9927,-16.86,-18.13,-37.63,126.35,-8.07,-0.06,5,994.65,43.039,46.166786,15.862392,774.19,NaN,,6.05,12.226105,148,17 / 23,321505,2022-07-15 14:07:20:572
-0.8542,-0.1017,14.3402,-0.253,1.673,9.6596,0.4443,-0.271,-0.0442,-1.0931,-0.0828,-0.3635,4992.975,-14.74,-17.89,-39.13,124.85,-9.82,1.5,5,994.62,41.719,46.166775,15.862405,774.59,NaN,,6.05,12.226105,148.2,17 / 23,322004,2022-07-15 14:07:21:071
-0.4893,0.3709,12.347,0.0338,1.0755,9.7474,0.7496,-0.4504,1.995,0.3347,0.2099,-0.155,22256.979,-15.92,-17.62,-38.38,133.74,-5.56,-1.76,5,994.66,48.48,46.166775,15.862405,774.59,NaN,,6.05,12.226105,148.2,17 / 23,322506,2022-07-15 14:07:21:573
0.2847,1.8401,11.7278,-0.2931,1.4581,9.6932,-2.279,-0.2713,2.5011,0.2489,0.5877,0.4108,31858.988,-15.96,-17.93,-38.38,127.94,-9.34,-1.85,5,994.66,43.553,46.166763,15.862418,772.76,NaN,,6.05,12.226105,149.8,17 / 23,323005,2022-07-15 14:07:22:072
0.0778,1.879,12.0574,0.2674,1.6369,9.6654,0.0666,-0.5196,-0.4025,-0.0868,0.3255,-0.4001,48580.97,-16.03,-19.37,-37.26,129.83,-9.61,-1.58,5,994.67,63.617,46.166763,15.862418,772.76,NaN,,6.05,12.226105,149.8,17 / 23,323505,2022-07-15 14:07:22:572
-1.5661,-0.4164,11.4879,-0.2867,1.0371,9.7474,0.1249,-0.2729,2.754,0.4377,0.5231,0.1309,4713.9976,-15.24,-18.34,-37.48,131.11,-6.07,1.69,5,994.65,50.842,46.16675,15.862429,773.02,NaN,,5.94,12.226105,153.4,17 / 23,324004,2022-07-15 14:07:23:071
-0.6305,0.4606,10.9352,-0.3479,0.8906,9.7599,-0.4391,-1.3233,1.6462,0.5674,0.2501,-0.2095,25447.973,-14.12,-16.93,-38.36,134.47,-4.38,0.49,5,994.68,45.49,46.16675,15.862429,773.02,NaN,,5.94,12.226105,153.4,17 / 23,324505,2022-07-15 14:07:23:572
0.119,1.3107,11.5693,-0.5605,1.0458,9.7346,-1.3806,-0.5087,2.7767,0.118,0.3812,0.4611,9291.982,-13.5,-17.79,-38.49,131.79,-8.23,-0.24,5,994.68,50.218,46.166737,15.862441,771.18,NaN,,6.12,12.226105,150.7,17 / 23,325005,2022-07-15 14:07:24:072
0.0126,1.8694,12.1896,0.2565,1.3356,9.7119,0.2346,-0.7467,0.6196,-0.1189,0.3717,-0.1386,41809.973,-13.88,-16.95,-38.18,131.8,-7.83,-1.51,5,994.72,48.977,46.166737,15.862441,771.18,NaN,,6.12,12.226105,150.7,17 / 23,325504,2022-07-15 14:07:24:571
-1.6917,0.6293,11.8301,-0.2379,1.4954,9.689,0.2765,-0.4902,1.2526,0.3133,0.2175,0.1299,57830.023,-15.62,-17.4,-38.1,123.18,-8.77,1.41,5,994.69,48.151,46.166725,15.862453,768.12,NaN,,6.08,12.226105,150.6,17 / 23,326004,2022-07-15 14:07:25:071
-1.6367,-0.6215,13.4608,0.2177,0.9114,9.7618,0.7397,-0.1126,1.4833,0.224,0.0515,-0.5579,25765.021,-15.04,-16.46,-37.86,131.47,-6.24,-2.63,5,994.73,49.94,46.166725,15.862453,768.12,NaN,,6.08,12.226105,150.6,17 / 23,326504,2022-07-15 14:07:25:571
0.8979,1.8179,12.5402,-0.8222,1.2925,9.6863,-1.257,-0.5309,2.8197,0.1883,0.6685,0.6296,17627.018,-14.92,-16.41,-38.36,125.1,-8.1,-0.13,5,994.72,52.816,46.166714,15.862465,766.98,NaN,,6.12,12.226105,149.8,16 / 23,327004,2022-07-15 14:07:26:071
1.1001,1.6193,12.21,0.0271,1.0897,9.7459,0.3166,-0.768,-0.5618,0.0509,0.3855,-0.7275,61909.992,-13.58,-17.19,-38.36,132.36,-6.38,-0.16,5,994.75,51.121,46.166714,15.862465,766.98,NaN,,6.12,12.226105,149.8,16 / 23,327505,2022-07-15 14:07:26:572
-1.742,1.0277,12.7478,-0.5442,1.2005,9.7177,-1.6772,-1.4325,1.4474,0.7462,0.3115,0.1442,65081.004,-10.84,-16.63,-38.66,132.78,-7.03,3.21,5,994.74,47.207,46.166695,15.862475,766.63,NaN,,6.19,12.226105,154.6,16 / 23,328006,2022-07-15 14:07:27:073
-2.1787,1.1593,12.4002,-0.2797,1.1408,9.7361,-1.274,-1.0472,2.7199,0.3715,-0.1306,-0.1225,67995.99,-10.87,-16.93,-38.79,136.59,-6.43,1.3,5,994.77,43.336,46.166695,15.862475,766.63,NaN,,6.19,12.226105,154.6,16 / 23,328505,2022-07-15 14:07:27:572
1.2096,1.2502,12.3236,-0.6115,0.8546,9.7502,-0.6796,-0.453,2.866,0.099,0.7663,0.445,55550.004,-13.72,-16.99,-38.53,131.17,-7.18,-0.45,5,994.75,54.946,46.16668,15.862483,765.49,NaN,,6.19,12.226105,154.7,16 / 23,329004,2022-07-15 14:07:28:071
1.7408,0.8901,12.0174,0.3257,1.1099,9.7382,0.7416,-0.0433,-0.536,-0.2666,0.448,-0.5134,79555.98,-13.52,-16.61,-38.49,134.59,-6.5,-1.92,5,994.8,49.6,46.16668,15.862483,765.49,NaN,,6.19,12.226105,154.7,16 / 23,329504,2022-07-15 14:07:28:571
-0.1675,1.2401,11.8798,-0.1333,1.37,9.7096,-0.4652,-0.5501,2.4229,0.4792,0.198,0.2103,67182.01,-13.52,-17.85,-37.99,130.82,-8.03,0.79,5,994.8,56.57,46.166664,15.862494,766.2,NaN,,6.19,12.226105,150.5,15 / 23,330005,2022-07-15 14:07:29:072
-0.737,-0.4678,14.6405,0.0919,0.7771,9.7754,-0.0936,-0.5822,3.0974,0.0911,0.1984,-0.2083,76044.016,-14.29,-18.13,-37.91,136.84,-6.51,-1.97,5,994.8,46.166,46.166664,15.862494,766.2,NaN,,6.19,12.226105,150.5,15 / 23,330505,2022-07-15 14:07:29:572
-1.4877,0.3123,12.7687,0.0453,1.2441,9.7273,-0.4863,0.5896,-1.4954,0.382,0.1,0.286,74679.98,-13.29,-16.59,-38.57,132.89,-7.29,-0.27,5,994.8,41.13,46.166653,15.862505,764.48,NaN,,6.19,12.226105,151.4,14 / 23,331005,2022-07-15 14:07:30:072
1.7127,0.3374,11.8828,-0.0403,1.2501,9.7266,0.5466,-0.1853,-1.4171,-0.7233,0.2575,-0.8185,69526.016,-13.31,-18.3,-37.14,134.98,-7.32,0.24,5,994.82,43.018,46.166653,15.862505,764.48,NaN,,6.19,12.226105,151.4,14 / 23,331505,2022-07-15 14:07:30:572
-1.5045,0.4259,12.4493,-0.0746,1.282,9.7222,0.1321,0.3546,-0.4736,0.1455,0.1121,-0.1208,71561.01,-11.98,-16.86,-38.96,133.74,-7.51,0.44,5,994.8,44.954,46.16664,15.862518,762.4,NaN,,6.23,12.226105,148.2,13 / 22,332004,2022-07-15 14:07:31:071
1.1474,-0.1143,13.4925,0.1031,0.8335,9.7706,0.4489,-0.3946,0.553,0.1625,-0.2981,-0.1193,71736.98,-12.49,-17.33,-38.7,138.7,-4.09,0.68,5,994.84,56.227,46.16664,15.862518,762.4,NaN,,6.23,12.226105,148.2,13 / 22,332504,2022-07-15 14:07:31:571
-0.3505,1.2407,11.4802,0.4113,1.2322,9.7202,0.1198,0.7571,-2.9444,0.2224,0.113,0.0605,70652.99,-12.79,-16.74,-38.7,136.38,-7.22,-2.42,5,994.84,55.335,46.16663,15.862532,762.05,NaN,,6.16,12.226105,146.8,13 / 22,333004,2022-07-15 14:07:32:071
1.3071,0.8955,10.8401,0.3999,1.1507,9.7307,0.0476,-0.4825,-0.476,0.1235,0.4339,-0.3062,73311.01,-15.09,-17.44,-38.14,132.62,-6.74,-2.35,5,994.85,57.647,46.16663,15.862532,762.05,NaN,,6.16,12.226105,146.8,13 / 22,333505,2022-07-15 14:07:32:572
-2.7505,0.1316,15.4373,-0.189,1.6806,9.6597,-0.6211,0.5657,-1.5109,0.0765,-0.3152,-0.0573,67929.98,-14.31,-18.17,-37.71,127.4,-9.87,1.12,5,994.84,55.086,46.16661,15.862546,761.08,NaN,,6.12,12.226105,147.6,13 / 22,334005,2022-07-15 14:07:33:072
1.3161,1.2993,11.4712,-0.0487,1.1885,9.7342,-0.5238,-1.3322,2.7783,0.2097,-0.2269,-0.4282,70484.984,-13.65,-18,-38.1,133.63,-6.47,0.43,5,994.87,61.242,46.16661,15.862546,761.08,NaN,,6.12,12.226105,147.6,13 / 22,334504,2022-07-15 14:07:33:571
-1.5619,1.6427,11.1673,-0.1824,1.1843,9.7332,-0.1697,0.865,-2.1733,0.3594,0.8199,0.6561,67945.03,-13.31,-17.7,-37.89,134.15,-6.94,1.07,5,994.87,57.636,46.1666,15.86256,761.07,NaN,,6.12,12.226105,147.5,15 / 22,335004,2022-07-15 14:07:34:071
-0.283,0.1926,13.084,-0.3684,0.8527,9.7626,-0.4104,-0.3031,-2.7756,-0.1746,0.1961,-0.5286,66223.984,-11.55,-15.22,-38.59,130.74,-4.99,2.16,5,994.9,60.325,46.1666,15.86256,761.07,NaN,,6.12,12.226105,147.5,15 / 22,335505,2022-07-15 14:07:34:572
-2.7631,-0.3404,16.419,-0.6652,1.0384,9.7288,-1.0447,0.3898,-0.707,0.3018,0.1201,0.1567,66552.98,-15.43,-14.98,-40.37,121.4,-6.08,3.91,5,994.91,58.352,46.166584,15.862573,760.34,NaN,,6.08,12.226105,146.9,15 / 23,336005,2022-07-15 14:07:35:072
0.3834,0.0688,12.405,-0.1157,1.4453,9.6989,0.8015,-0.7653,1.05,-0.0815,-0.0855,-0.0716,71019.99,-16.37,-15.06,-39.73,119.54,-7.22,2.21,5,994.94,59.886,46.166584,15.862573,760.34,NaN,,6.08,12.226105,146.9,15 / 23,336504,2022-07-15 14:07:35:571
-0.4917,1.0235,10.812,0.0167,0.8447,9.7702,0.5867,1.3789,-1.9988,0.6994,-0.014,-0.0679,67198.01,-18.6,-17.06,-38.64,125.64,-4.94,-0.1,5,994.91,59.738,46.166573,15.862586,759.62,NaN,,6.16,12.226105,144.6,16 / 23,337004,2022-07-15 14:07:36:071
-1.3256,1.0122,11.2881,-0.5274,0.8498,9.7555,-0.5844,-0.4389,-1.2721,0.7222,-0.7342,-0.5161,68917.98,-14.85,-17.79,-38.34,130.83,-4.97,3.09,5,994.91,52.973,46.166573,15.862586,759.62,NaN,,6.16,12.226105,144.6,16 / 23,337505,2022-07-15 14:07:36:572
-1.9208,0.1663,15.9177,-0.9092,1.215,9.6885,-0.2885,1.0536,-2.0556,0.1537,-0.1581,0.0132,65433.02,-20.47,-19.99,-38.61,122.95,-7.12,5.36,5,994.95,55.918,46.166557,15.8626,759.3,NaN,,6.16,12.226105,146.5,16 / 23,338004,2022-07-15 14:07:37:071
-0.6168,0.5803,11.927,-0.1936,1.2978,9.7185,0.0922,-0.409,0.5611,-0.1149,-0.1145,-0.4538,70711.99,-20.49,-20.38,-37.41,126.78,-6.53,1.62,5,994.95,52.856,46.166557,15.8626,759.3,NaN,,6.16,12.226105,146.5,16 / 23,338505,2022-07-15 14:07:37:572
-2.2564,0.8112,11.8032,-0.572,1.4053,9.6886,0.2523,0.958,-2.9299,0.126,0.3098,0.0105,67469.02,-16.46,-19.44,-38.03,126.56,-8.24,3.38,5,994.96,55.301,46.166546,15.862614,758.68,NaN,,6.37,12.226105,149.1,16 / 23,339004,2022-07-15 14:07:38:071
-1.7719,1.3149,12.3679,-0.4185,1.19,9.7252,-0.2901,0.2273,-2.034,0.1782,-0.3895,-0.155,69349.98,-11.34,-18.51,-38.62,138.03,-4.93,4.59,5,994.95,51.791,46.166546,15.862614,758.68,NaN,,6.37,12.226105,149.1,16 / 23,339504,2022-07-15 14:07:38:571
-0.2824,0.341,11.461,-0.6728,1.0821,9.7235,-0.2548,1.4718,-3.2779,0.0919,0.0152,0.2235,69013.016,-11.55,-17.91,-38.94,133.03,-6.33,3.96,5,994.95,49.325,46.166527,15.862627,757.76,NaN,,6.12,12.226105,148.9,17 / 23,340004,2022-07-15 14:07:39:071
0.8082,0.4774,8.5041,-0.267,1.1932,9.7301,0.6766,-0.5295,-0.8144,0.3919,-0.2718,-0.3129,67460.984,-12.75,-15.75,-39.9,129.58,-4.46,3.81,5,994.98,53.083,46.166527,15.862627,757.76,NaN,,6.12,12.226105,148.9,17 / 23,340505,2022-07-15 14:07:39:572
-2.059,-0.0491,11.5735,-0.5878,1.0601,9.7314,-0.7324,0.1351,-2.7112,0.3849,0.1725,-0.0528,69262.02,-13.2,-16.58,-39.75,129.46,-6.21,3.46,5,994.98,60.014,46.166515,15.86264,758.43,NaN,,6.08,12.226105,147.5,15 / 23,341005,2022-07-15 14:07:40:072
-0.0802,-0.2668,11.4556,-0.2988,1.1431,9.7352,0.0068,-0.1738,-1.9598,0.5463,-0.2518,0.0538,66605.02,-12.6,-15.69,-39.28,132.16,-2.08,4.69,5,995.01,64.809,46.166515,15.86264,758.43,NaN,,6.08,12.226105,147.5,15 / 23,341504,2022-07-15 14:07:40:571
0.3069,1.6929,8.8792,0.0449,1.7852,9.6427,-1.0812,0.8303,-3.2165,0.4536,-0.3713,-0.0855,73427.984,-12.75,-20.14,-36.71,140.4,-5.45,0.9,5,994.99,47.068,46.166504,15.862654,759.73,NaN,,6.48,12.226105,145.7,16 / 23,342005,2022-07-15 14:07:41:072
-0.4606,2.3976,6.7813,0.0936,1.6575,9.6651,-0.8004,0.3978,-2.4187,0.2185,-0.2687,-0.1226,72923.02,-13.07,-20.36,-36.81,138.49,-6.56,1.37,5,994.99,63.131,46.166504,15.862654,759.73,NaN,,6.48,12.226105,145.7,16 / 23,342504,2022-07-15 14:07:41:571
-3.1908,1.0576,12.8453,-0.5394,1.6641,9.6494,0.7075,0.2899,-3.8466,0.1234,0.1221,-0.0627,71546.02,-12.15,-20.89,-37.03,135.99,-9.77,3.2,5,994.98,58.901,46.16649,15.862668,758.91,NaN,,6.16,12.226105,146.6,16 / 23,343005,2022-07-15 14:07:42:072
0.5498,1.8425,9.7585,-0.5627,1.3757,9.6934,0.7546,0.3074,-2.4966,0.2036,-0.3338,-0.1258,69138.02,-12.97,-20.04,-37.44,133.87,-6.88,5.04,5,995,60.416,46.16649,15.862668,758.91,NaN,,6.16,12.226105,146.6,16 / 23,343504,2022-07-15 14:07:42:571
-1.4321,2.0991,6.9745,-0.7817,1.4087,9.6734,0.4782,0.4889,-2.5527,0.5483,0.0737,0.4092,66677.984,-15.22,-18.34,-38.81,131.3,-3.03,4.77,5,995.03,48.106,46.166477,15.862681,758.59,NaN,,6.16,12.226105,147.4,16 / 23,344004,2022-07-15 14:07:43:071
-1.0534,1.1186,6.5605,-0.4868,1.3107,9.7065,-0.0185,-0.8361,-1.442,0.3045,-0.2933,-0.1991,71751.016,-15.09,-18.88,-38.32,126.36,-8.3,5.21,5,995.04,44.722,46.166477,15.862681,758.59,NaN,,6.16,12.226105,147.4,16 / 23,344504,2022-07-15 14:07:43:571
-1.2963,1.9555,7.5805,-0.3715,1.1092,9.7366,0.462,0.823,-2.2324,0.5211,-0.0366,0.2237,68559.01,-15,-20.08,-37.73,135.87,-4.01,2.78,5,995.04,61.971,46.166466,15.862691,758.07,NaN,,6.12,12.226105,149.9,16 / 23,345004,2022-07-15 14:07:44:071
0.3691,0.5874,11.281,-0.14,1.4224,9.7019,0.0729,-0.2207,-3.0703,0.2819,-0.4145,-0.0144,69131.01,-14.44,-19.16,-38.31,131.98,-6.21,3.89,5,995.02,67.013,46.166466,15.862691,758.07,NaN,,6.12,12.226105,149.9,16 / 23,345504,2022-07-15 14:07:44:571
-1.2652,2.281,7.5667,-0.4714,1.2164,9.7195,0.5987,1.3666,-3.1983,0.3015,0.0361,0.2333,68310,-15.34,-17.76,-38.14,134.99,-1.78,2.8,5,995.04,64.27,46.166447,15.8627,756.47,NaN,,6.12,12.226105,149,15 / 23,346005,2022-07-15 14:07:45:072
-0.6066,0.9888,6.2183,-0.6904,0.9919,9.7319,0.1249,-0.6669,-0.9355,0.377,-0.1479,-0.0257,69231.984,-15.36,-16.95,-39.04,125,-6.37,4.74,5,995.05,63.104,46.166447,15.8627,756.47,NaN,,6.12,12.226105,149,15 / 23,346505,2022-07-15 14:07:45:572
-1.2981,2.3079,6.1131,-0.308,0.8548,9.7645,0.3251,1.1554,-2.9776,0.4701,-0.2767,0.0164,66940.97,-16.22,-17.47,-38.66,129.53,-2.42,3.95,5,995.07,59.003,46.16643,15.862711,758.05,NaN,,6.19,12.226105,143.4,15 / 23,347004,2022-07-15 14:07:46:071
0.609,1.8706,7.2969,-0.1882,1.2464,9.7253,0.5664,0.2345,-2.951,-0.1274,-0.206,0.0296,72015.01,-16.89,-17.78,-38.03,125.6,-6.96,2.53,5,995.08,56.501,46.16643,15.862711,758.05,NaN,,6.19,12.226105,143.4,15 / 23,347504,2022-07-15 14:07:46:571
-1.9765,2.5268,5.5053,-0.2536,1.0582,9.7461,-0.1874,0.795,-3.1878,0.2487,-0.0286,-0.1946,68075.98,-16.58,-17.38,-38.21,128.82,-3.49,1.91,5,995.11,57.546,46.166416,15.862724,757.93,NaN,,6.37,12.226105,142.8,15 / 23,348005,2022-07-15 14:07:47:072
-0.5001,1.5464,4.7731,-0.7223,1.0157,9.7271,0.9058,-0.038,-1.6959,0.2396,-0.2357,0.1136,69138.02,-14.59,-16.76,-38.76,123.84,-6.57,5.74,5,995.11,57.329,46.166416,15.862724,757.93,NaN,,6.37,12.226105,142.8,15 / 23,348505,2022-07-15 14:07:47:572
-0.8608,2.1278,8.1476,-0.7092,0.8415,9.7447,-0.6371,0.2119,-2.3892,-0.0432,0.1423,0.3979,69349.98,-16.28,-17.59,-38.36,129.03,-4.72,3.64,5,995.16,64.093,46.166405,15.862738,757.74,NaN,,6.66,12.226105,142.8,15 / 23,349004,2022-07-15 14:07:48:071
-0.1801,1.5476,6.3823,-0.6696,1.1959,9.7104,-0.3202,-0.4314,-3.273,-0.2182,0.0958,0.4974,67966.02,-16.43,-17.78,-38.03,124.94,-7.04,4.86,5,995.1,59.592,46.166405,15.862738,757.74,NaN,,6.66,12.226105,142.8,15 / 23,349505,2022-07-15 14:07:48:572
-1.6241,2.1613,5.4574,-0.6821,1.1999,9.709,0.5444,1.0337,-4.1361,0.1581,0.0754,0.1421,67050.99,-15.62,-16.11,-39.3,124.84,-3.66,5.27,5,995.15,47.16,46.166393,15.862752,755.1,NaN,,6.08,12.226105,139.1,15 / 23,350005,2022-07-15 14:07:49:072
-0.4361,1.2048,6.2662,-1.3539,0.9062,9.6704,2.0115,0.2988,-1.989,0.4223,-0.0327,0.4778,64958.023,-14.46,-15.64,-39.75,117.05,-8.98,8,5,995.16,53.875,46.166393,15.862752,755.1,NaN,,6.08,12.226105,139.1,15 / 23,350504,2022-07-15 14:07:49:571
-0.9559,2.5095,5.1757,-1.2521,0.6405,9.7053,-0.5731,-0.5661,-0.7257,0.1345,-0.0556,-0.1955,65286.004,-13.5,-14.68,-40.59,122.02,-3.5,8.93,5,995.22,59.39,46.166386,15.862766,755.29,NaN,,6.16,12.226105,138.8,15 / 23,351005,2022-07-15 14:07:50:072
0.4008,2.0985,6.1502,-1.4416,1.4204,9.5956,0.3634,-1.7247,-3.3274,0.4848,0.1505,0.8732,66742.99,-14.12,-15.45,-39.06,118.98,-6.02,9.23,5,995.16,63.17,46.166386,15.862766,755.29,NaN,,6.16,12.226105,138.8,15 / 23,351505,2022-07-15 14:07:50:572
-2.9396,2.4317,7.6582,-0.27,0.488,9.7908,-1.4175,1.9426,-2.417,-0.1091,-0.4109,-0.0627,70155.99,-16.37,-16.71,-39.24,133.79,-0.65,1.88,5,995.19,65.213,46.16637,15.862779,755.15,NaN,,5.9,12.226105,137.1,16 / 23,352005,2022-07-15 14:07:51:072
2.7685,2.0417,6.4307,-1.348,1.2351,9.6347,2.8639,-0.6101,-1.9598,0.3763,0.2236,0.4917,67739.02,-14.63,-15.58,-40.2,115.97,-8.59,9.03,5,995.18,56.756,46.16637,15.862779,755.15,NaN,,5.9,12.226105,137.1,16 / 23,352504,2022-07-15 14:07:51:571
-1.9448,2.1559,7.0576,-0.9701,0.4032,9.7502,-0.7077,0.9899,0.0761,-0.3424,-0.3822,-0.5396,64481,-15.39,-16.03,-39.28,124.72,-3.81,6.77,5,995.22,65.426,46.16636,15.862793,754.76,NaN,,6.41,12.226105,137.4,16 / 23,353006,2022-07-15 14:07:52:073
0.2387,1.4979,6.4834,-1.7128,1.3941,9.5547,-0.806,-2.3592,-0.0963,0.245,0.0026,0.6594,67540.98,-13.01,-15.84,-39.71,119.35,-7.11,10.53,5,995.21,62.067,46.16636,15.862793,754.76,NaN,,6.41,12.226105,137.4,16 / 23,353504,2022-07-15 14:07:52:571
-2.0752,2.4832,6.055,-1.1041,0.59,9.7264,-0.9236,1.4372,-2.8714,0.0687,-0.178,-0.2045,63463.035,-15.92,-16.28,-40.14,127.03,-0.74,6.71,5,995.23,62.952,46.16635,15.862808,753.59,NaN,,6.16,12.226105,138.1,16 / 23,354004,2022-07-15 14:07:53:071
-0.4953,1.4626,5.9779,-1.3785,1.0444,9.6529,1.0571,-0.2359,-1.3227,0.4633,0.1345,0.5857,67497.98,-14.27,-14.81,-40.33,117.8,-6.57,9.14,5,995.22,59.119,46.16635,15.862808,753.59,NaN,,6.16,12.226105,138.1,16 / 23,354505,2022-07-15 14:07:53:572
-0.9978,2.8564,6.5922,-0.8516,0.4346,9.7599,-1.559,0.1023,0.1516,-0.2124,-0.1117,-0.4023,64861.973,-16.58,-15.54,-39.56,122.27,-4.06,5.88,5,995.23,57.892,46.16634,15.862824,753.67,NaN,,6.19,12.226105,137.3,16 / 23,355004,2022-07-15 14:07:54:071
-1.5416,0.3547,6.1107,-1.9047,1.2964,9.5322,0.9945,-1.077,-1.7403,0.1248,-0.1022,0.7706,65666.97,-13.74,-16.37,-39.53,117.02,-6.93,13.06,5,995.21,59.66,46.16634,15.862824,753.67,NaN,,6.19,12.226105,137.3,16 / 23,355504,2022-07-15 14:07:54:571
-3.0574,1.7151,8.0172,-1.0823,0.35,9.7405,-0.653,0.9516,-1.5374,-0.2947,-0.1208,-0.2849,67608,-15.47,-15.36,-39.79,125.2,-2.05,6.34,5,995.25,62.708,46.16633,15.862839,754.14,NaN,,6.16,12.226105,137.3,16 / 23,356005,2022-07-15 14:07:55:072
0.4756,1.4566,6.8812,-1.6649,1.2455,9.5837,0.9907,-1.268,-0.4185,0.4258,0.0213,0.7189,65492.01,-13.01,-13.8,-40.54,113.67,-7.18,11.61,5,995.25,66.856,46.16633,15.862839,754.14,NaN,,6.16,12.226105,137.3,16 / 23,356505,2022-07-15 14:07:55:572
-1.9238,2.062,8.5549,-0.6726,0.0263,9.7835,0.0092,1.1497,-0.5279,-0.517,-0.2169,-1.0617,65206.016,-16.18,-14.63,-39.75,121.78,-4.08,5.48,5,995.26,66.439,46.166317,15.862856,754.98,NaN,,6.19,12.226105,133.5,15 / 22,357005,2022-07-15 14:07:56:072
0.3888,1.255,5.2642,-1.2732,1.3155,9.6342,0.4638,-0.9353,-1.9024,0.4129,-0.2308,0.6066,68274.02,-15.9,-16.12,-40.24,118.13,-5.74,10.41,5,995.25,70.513,46.166317,15.862856,754.98,NaN,,6.19,12.226105,133.5,15 / 22,357504,2022-07-15 14:07:56:571
-0.3194,2.2822,7.1563,-1.1914,0.776,9.703,-0.3659,0.5318,0.935,0.0157,-0.1015,0.432,66655.984,-16.29,-16.99,-38.31,124.54,-4.54,7,5,995.31,63.63,46.166306,15.862873,754.57,NaN,,6.19,12.226105,133.5,16 / 22,358006,2022-07-15 14:07:57:073
0.3906,2.2241,6.2345,-1.0636,0.9816,9.6993,1.3156,-0.0484,-0.9426,0.1723,-0.2936,0.0301,66443.02,-14.47,-13.93,-40.07,115.15,-6.9,8.94,5,995.3,64.076,46.166306,15.862873,754.57,NaN,,6.19,12.226105,133.5,16 / 22,358505,2022-07-15 14:07:57:572
-1.0134,1.7043,6.9212,-0.8992,0.6271,9.7452,0.3949,0.1662,-0.6208,-0.2003,-0.3609,-0.2595,66801.984,-16.99,-14.04,-39.99,116.04,-5.23,6.61,5,995.31,69.007,46.166294,15.86289,753.79,NaN,,6.19,12.226105,133.1,17 / 23,359005,2022-07-15 14:07:58:072
0.4672,1.3902,5.9426,-0.4939,1.5067,9.6776,0.4895,-0.7261,-2.1231,-0.0231,0.1765,-0.0616,71289.99,-17.98,-15.41,-38.78,112.13,-9.95,3.32,5,995.33,67.261,46.166294,15.86289,753.79,NaN,,6.19,12.226105,133.1,17 / 23,359504,2022-07-15 14:07:58:571
-1.1683,1.9789,6.8746,-0.9684,1.064,9.7005,0.2702,-0.114,1.9774,0.215,-0.4549,0.0871,68699.01,-17.87,-17.14,-38.32,120.92,-6.23,5.7,5,995.36,63.386,46.166286,15.862908,753.42,NaN,,6.19,12.226105,133.5,16 / 22,360004,2022-07-15 14:07:59:071
1.2694,1.8544,5.9037,-0.403,0.7495,9.7697,-0.3127,-0.6423,0.7702,-0.3092,-0.0671,0.1485,71494.99,-16.71,-17.23,-38.44,122.01,-7.89,2.71,5,995.36,61.382,46.166286,15.862908,753.42,NaN,,6.19,12.226105,133.5,16 / 22,360504,2022-07-15 14:07:59:571
0.454,1.334,7.928,-0.0227,0.4453,9.7965,0.9999,0.6281,-0.7812,-0.8193,0.0311,0.2414,74790,-19.93,-15.11,-38.44,119.39,-5.37,0.33,5,995.36,66.971,46.16628,15.862924,750.73,NaN,,6.23,12.226105,134.1,16 / 22,361005,2022-07-15 14:08:00:072
-0.4935,-0.2483,10.4848,-0.6252,1.1746,9.716,0.3974,-0.8405,0.4279,-0.1958,-0.1007,-0.1829,69993.99,-18.79,-14.89,-38.25,114.2,-8.14,3.81,5,995.34,68.62,46.16628,15.862924,750.73,NaN,,6.23,12.226105,134.1,16 / 22,361505,2022-07-15 14:08:00:572
0.5163,0.451,11.3169,-0.2243,0.6391,9.7832,0.8652,0.2998,2.3553,-0.0247,-0.1121,0.1934,72842.02,-17.53,-16.05,-38.44,125.62,-3.74,1.31,5,995.3,56.569,46.16627,15.86294,750.31,NaN,,6.19,12.226105,133,17 / 23,362005,2022-07-15 14:08:01:072
-0.326,0.7017,6.4295,-0.6896,1.0894,9.7215,-0.1281,-0.6037,1.9459,-0.5244,0.1836,0.3237,70996.98,-17.72,-16.35,-38.66,112.83,-10.64,4.34,5,995.34,57.707,46.16627,15.86294,750.31,NaN,,6.19,12.226105,133,17 / 23,362505,2022-07-15 14:08:01:572
-0.1645,0.8411,9.9224,-0.1024,0.1013,9.8056,0.1544,0.1287,2.1368,-0.6203,0.1576,0.1762,75471.01,-19.11,-17.04,-37.95,124.14,-5.71,0.62,5,995.38,54.028,46.16626,15.862956,750.9,NaN,,6.16,12.226105,133,16 / 22,363004,2022-07-15 14:08:02:071
1.3484,0.5498,7.5517,-0.2595,0.6831,9.7794,1.4868,-0.6561,0.4597,0.3968,0.0463,0.3939,70527.984,-18.02,-11.62,-39.81,115.65,-3.59,2.67,5,995.39,62.2,46.16626,15.862956,750.9,NaN,,6.16,12.226105,133,16 / 22,363504,2022-07-15 14:08:02:571
0.6251,1.4692,9.0126,-0.4497,0.7923,9.7642,-0.2962,-0.4315,3.258,-0.1513,-0.1387,0.0096,72608,-19.2,-14.25,-38.79,117.64,-4.63,2.64,5,995.4,54.827,46.166252,15.862973,750.36,NaN,,6.05,12.226105,132,15 / 22,364004,2022-07-15 14:08:03:071
1.1635,1.3597,6.612,-0.186,1.3057,9.7176,-1.2114,-0.661,3.3805,0.1296,-0.3093,0.1857,72015.01,-20.16,-14.63,-38.79,113.81,-8.06,2.26,5,995.41,65.75,46.166252,15.862973,750.36,NaN,,6.05,12.226105,132,15 / 22,364505,2022-07-15 14:08:03:572
-0.7071,-0.3984,10.3292,-0.3976,-0.3055,9.7938,-0.5279,0.073,2.1068,-0.8185,0.5082,-0.2741,69306.03,-21.69,-15.15,-38.08,120.08,-3.29,0.13,5,995.4,56.148,46.16624,15.862989,749.56,NaN,,6.3,12.226105,134,15 / 22,365005,2022-07-15 14:08:04:072
-0.0652,0.4666,10.4094,-0.477,0.6199,9.7754,0.9909,0.7401,-0.9676,-0.3338,-0.016,0.2489,70785.02,-15.9,-12.86,-40.5,118.78,-3.72,4.46,5,995.41,60.271,46.16624,15.862989,749.56,NaN,,6.3,12.226105,134,15 / 22,365505,2022-07-15 14:08:04:572
0.0401,0.6796,9.9488,-0.2924,0.3585,9.7957,1.3167,0.1063,2.0473,-0.659,-0.1601,-0.0055,71326.984,-18.58,-14.38,-39.09,121.98,-2.1,1.71,5,995.41,59.944,46.166233,15.863004,748.05,NaN,,6.19,12.226105,134.3,15 / 22,366005,2022-07-15 14:08:05:072
-0.2465,-0.1316,9.1406,-0.7837,0.4844,9.7633,-0.5843,-0.9587,2.9644,-0.2765,-0.2086,0.2161,70682.02,-16.56,-13.2,-40.29,116.73,-4.22,4.54,5,995.43,59.899,46.166233,15.863004,748.05,NaN,,6.19,12.226105,134.3,15 / 22,366505,2022-07-15 14:08:05:572
0.3296,2.0207,8.0333,-0.331,0.5777,9.784,-0.5416,-0.5052,2.476,-0.7361,0.497,-0.5957,13377.016,-19.89,-14.83,-38.19,116.2,-8.03,-1.04,5,995.43,55.609,46.166225,15.86302,746.41,NaN,,6.16,12.226105,132.4,16 / 23,367004,2022-07-15 14:08:06:071
0.6329,1.3717,8.5866,-0.9329,0.9466,9.7162,-1.7803,-0.6486,3.1857,0.1013,0.2854,0.7564,11295.99,-18.75,-15.86,-39.69,118.33,-5.54,5.48,5,995.46,63.912,46.166225,15.86302,746.41,NaN,,6.16,12.226105,132.4,16 / 23,367504,2022-07-15 14:08:06:571
-0.253,0.9984,9.4917,-0.272,1.09,9.7421,1.7136,-1.1631,3.6924,-0.6576,-0.0389,-0.6135,10469.993,-18.62,-15.17,-38.74,117.9,-6.38,1.6,5,995.48,61.606,46.166218,15.863036,745.9,NaN,,6.08,12.226105,132.3,15 / 21,368004,2022-07-15 14:08:07:071
0.5127,1.3914,9.1101,-0.9921,1.2913,9.6705,-0.9678,-0.5009,3.0423,-0.0167,0.1792,0.5499,10692,-17.34,-15.54,-39.34,120.49,-6.97,3.18,5,995.46,62.756,46.166218,15.863036,745.9,NaN,,6.08,12.226105,132.3,15 / 21,368504,2022-07-15 14:08:07:571
2.3551,1.9765,11.8475,0.2385,0.7157,9.7776,-0.8932,0.136,2.7775,-0.6129,-0.3708,-0.9547,9387.022,-20.1,-15.75,-38.61,113.8,-10.01,0.67,5,995.46,57.874,46.166206,15.863052,744.78,NaN,,6.19,12.226105,133.2,15 / 20,369005,2022-07-15 14:08:08:072
-0.7035,0.8333,9.018,-0.7912,1.4682,9.6638,-0.4904,0.5362,1.8887,0.292,-0.0607,0.69,8535.982,-16.31,-16.63,-38.62,120.31,-8.61,4.68,5,995.48,62.088,46.166206,15.863052,744.78,NaN,,6.19,12.226105,133.2,15 / 20,369504,2022-07-15 14:08:08:571
-1.0851,-1.5894,12.5653,-0.5206,1.3905,9.6936,1.0929,0.024,-0.5748,-1.2423,-0.0359,-0.5799,8463.016,-17.76,-18.17,-37.67,122.14,-8.15,3.07,5,995.48,63.785,46.1662,15.863066,744.29,NaN,,6.08,12.226105,134.7,15 / 20,370004,2022-07-15 14:08:09:071
-1.3759,-0.0909,15.2925,-1.1086,0.9065,9.7015,-1.5143,0.0562,2.8519,0.2865,0.0681,0.8921,7920.99,-15.21,-13.01,-40.63,120.67,-2.75,5.27,5,995.57,66.202,46.1662,15.863066,744.29,NaN,,6.08,12.226105,134.7,15 / 20,370504,2022-07-15 14:08:09:571
-0.99,-0.5761,11.2511,-0.9338,0.7329,9.7345,1.5174,0.1074,1.7929,-0.9898,-0.0236,-0.8008,8221.027,-18.47,-15.41,-39.19,108.44,-11.46,6.29,5,995.46,59.884,46.16619,15.863081,743.57,NaN,,6.05,12.226105,133.4,15 / 20,371006,2022-07-15 14:08:10:073
-2.0668,-0.8554,12.1131,-1.8319,0.7261,9.6066,-1.0372,0.1033,2.2178,-0.0925,-0.4305,0.8479,7428.9834,-14.72,-12.51,-41.04,114.45,-4.25,10.8,5,995.5,60.573,46.16619,15.863081,743.57,NaN,,6.05,12.226105,133.4,15 / 20,371505,2022-07-15 14:08:10:572
-1.334,-0.3613,13.1934,-0.3428,1.4465,9.6933,1.3176,-1.0976,0.5758,-0.1843,0.0847,-0.5429,9290.971,-25.95,-14.57,-38.16,108.93,-8.48,2.03,5,995.48,63.261,46.16618,15.863096,743.89,NaN,,5.87,12.226105,130.8,15 / 21,372006,2022-07-15 14:08:11:073
-2.6752,0.9673,12.4241,-1.1887,0.9275,9.69,-1.5171,-0.8297,4.714,0.2731,0.6994,0.4956,9386.011,-26.64,-17.33,-37.67,115.54,-4.31,4.4,5,995.55,60.079,46.16618,15.863096,743.89,NaN,,5.87,12.226105,130.8,15 / 21,372505,2022-07-15 14:08:11:572
-2.141,-0.2548,11.6291,-0.8112,1.2934,9.6871,1.5119,-0.1412,2.2637,-0.0328,-0.2758,-0.9668,7443.968,-23.31,-16.2,-38.49,108.63,-10.58,7.52,5,995.56,60.019,46.166172,15.863112,743.42,NaN,,5.98,12.226105,133.1,15 / 22,373005,2022-07-15 14:08:12:072
-1.7174,-0.2034,15.152,-1.0714,0.9161,9.7048,-1.3427,1.5393,0.4851,-0.2685,-0.2626,0.5836,9926.011,-15.08,-13.72,-40.57,117.92,-5.36,6.3,5,995.61,66.665,46.166172,15.863112,743.42,NaN,,5.98,12.226105,133.1,15 / 22,373505,2022-07-15 14:08:12:572
0.6102,0.4929,11.0082,-0.6394,1.4082,9.6839,1.7737,-0.1966,-1.5284,-0.1096,-0.455,-0.6736,9812.003,-17.62,-12.92,-40.16,109.53,-8.26,3.78,5,995.54,59.506,46.16616,15.863127,742.61,NaN,,5.87,12.226105,133.4,15 / 22,374004,2022-07-15 14:08:13:071
-4.5745,-0.1561,12.213,-1.5015,0.3819,9.6835,-3.4315,-1.0076,4.3935,0.5615,-0.0587,-0.0629,19687.996,-16.31,-12.41,-41.23,122.03,0.86,5.88,5,995.6,64.309,46.16616,15.863127,742.61,NaN,,5.87,12.226105,133.4,15 / 22,374504,2022-07-15 14:08:13:571
1.3137,0.3278,14.4395,-0.2392,1.3387,9.7119,0.2815,-0.1332,1.5084,0.0655,-0.0789,-0.2454,73987.97,-17.44,-14.91,-39.04,114.53,-9.07,3.55,5,995.53,62.924,46.166153,15.863143,742.27,NaN,,5.8,12.226105,134.5,15 / 22,375005,2022-07-15 14:08:14:072
-2.5316,1.6941,12.74,-0.3407,1.4383,9.6946,-1.544,1.0399,-1.152,0.0013,0.6675,0.3409,19906.021,-17.27,-16.76,-38.64,121.36,-8.43,2.01,5,995.61,61.26,46.166153,15.863143,742.27,NaN,,5.8,12.226105,134.5,15 / 22,375504,2022-07-15 14:08:14:571
-1.6463,1.4871,10.6887,-0.9471,1.8549,9.5829,0.7052,-0.1122,-1.967,0.041,0.0809,-0.3548,15612.008,-16.8,-19.71,-38.19,121.79,-10.9,5.64,5,995.54,56.582,46.166145,15.86316,742.55,NaN,,5.83,12.226105,133.5,15 / 22,376005,2022-07-15 14:08:15:072
-2.2929,1.7402,12.7226,-1.2859,1.6923,9.5736,-1.2219,0.5248,0.4915,0.3699,0.0273,0.0397,10126.013,-13.05,-18.53,-38.76,133.73,-5.55,4.37,5,995.6,55.615,46.166145,15.86316,742.55,NaN,,5.83,12.226105,133.5,15 / 22,376505,2022-07-15 14:08:15:572
-0.661,1.3334,10.8275,-0.8218,1.8544,9.5946,1.338,-0.4189,-0.7161,-0.0867,-0.085,-0.3447,6590.0254,-14.16,-17.46,-38.91,118.49,-10.75,5.9,5,995.53,56.332,46.166134,15.863176,742.28,NaN,,5.83,12.226105,133.2,15 / 22,377004,2022-07-15 14:08:16:071
-2.9773,1.4752,13.7629,-0.6869,1.5023,9.6665,-0.8902,1.1033,-2.3518,0.0591,0.4711,0.1913,5825.9927,-14.81,-17.01,-39.41,121.83,-8.81,4.06,5,995.58,67.98,46.166134,15.863176,742.28,NaN,,5.83,12.226105,133.2,15 / 22,377504,2022-07-15 14:08:16:571
0.6742,1.4656,9.8824,-0.5631,1.6282,9.6541,0.1659,-0.4509,-1.5738,0.3083,0.1627,-0.0645,5845.9727,-17.04,-17.53,-38.79,120.76,-9.56,3.34,5,995.55,68.332,46.16612,15.863192,742.5,NaN,,5.83,12.226105,133.3,16 / 22,378005,2022-07-15 14:08:17:072
-2.7661,2.3192,8.9749,-0.7302,1.0978,9.7176,-0.5792,1.3891,-1.8206,0.108,0.0339,-0.2285,7546.9727,-15.19,-16.67,-39.26,129.59,-3.45,4.12,5,995.57,63.783,46.16612,15.863192,742.5,NaN,,5.83,12.226105,133.3,16 / 22,378506,2022-07-15 14:08:17:573
1.148,1.3077,11.7278,-0.6616,1.8602,9.6058,0.002,-0.3953,-1.744,0.3897,0.1318,0.1253,8419.005,-15.47,-17.42,-38.91,122.68,-8.55,3.57,5,995.57,56.918,46.16611,15.863209,742.2,NaN,,5.8,12.226105,133.1,16 / 22,379005,2022-07-15 14:08:18:072
-2.2642,2.3569,10.008,-0.2114,1.1015,9.7423,-0.03,0.5004,-1.7661,0.2792,0.1038,-0.2626,5753.0254,-15.52,-17.33,-38.16,126.98,-6.45,1.24,5,995.59,52.832,46.16611,15.863209,742.2,NaN,,5.8,12.226105,133.1,16 / 22,379505,2022-07-15 14:08:18:572
-1.2508,1.3053,6.7675,-0.7427,1.9381,9.5845,0.6821,-0.8505,-3.5348,0.2136,-0.0173,0.5153,5246.0327,-15.86,-18.21,-38.18,118.84,-11.4,4.43,5,995.58,64.619,46.1661,15.863225,742.16,NaN,,5.76,12.226105,131.8,16 / 22,380004,2022-07-15 14:08:19:071
-1.5218,2.4688,6.9476,-0.0481,1.4098,9.7047,-0.5019,0.865,-2.2836,0.0605,0.0021,0.038,5802.0303,-17.38,-18,-37.57,128.24,-6.31,0.64,5,995.57,55.747,46.1661,15.863225,742.16,NaN,,5.76,12.226105,131.8,16 / 22,380504,2022-07-15 14:08:19:571
0.8273,2.4921,5.3617,-0.094,1.944,9.6116,1.2672,-0.7682,-1.5782,-0.083,0.1652,0.0393,5953.9727,-19.52,-17.83,-37.44,116.94,-11.43,0.56,5,995.6,52.914,46.16609,15.863241,742.31,NaN,,5.76,12.226105,132.8,16 / 22,381005,2022-07-15 14:08:20:072
-1.3436,2.7368,7.1354,-0.3229,1.2158,9.7256,-0.0687,0.3089,-0.944,0.2456,-0.0324,0.0901,5829.975,-19.07,-18.71,-37.03,125.36,-7.12,1.9,5,995.63,66.55,46.16609,15.863241,742.31,NaN,,5.76,12.226105,132.8,16 / 22,381504,2022-07-15 14:08:20:571
-0.3099,1.5021,6.1029,-0.459,1.7758,9.6336,0.3866,-0.9554,-2.3364,0.1249,-0.1536,0.6515,5781.983,-18.08,-19.18,-38.1,121.17,-10.43,2.73,5,995.61,66.665,46.16608,15.863258,742.01,NaN,,5.72,12.226105,131.5,16 / 22,382004,2022-07-15 14:08:21:071
-0.5031,2.7075,6.8955,-0.2068,1.3623,9.7094,0.4238,0.8035,-1.8934,-0.0274,0.1148,0.2254,6034.9727,-21.54,-18.88,-36.82,121.49,-7.47,1.61,5,995.62,58.618,46.16608,15.863258,742.01,NaN,,5.72,12.226105,131.5,16 / 22,382505,2022-07-15 14:08:21:572
-0.1262,0.9511,8.9486,-0.8213,1.5834,9.6431,-0.376,-1.0286,1.5909,0.1549,-0.0128,0.4024,5937.975,-20.83,-17.01,-38.18,114.39,-9.29,4.87,5,995.62,54.459,46.166073,15.863276,742.99,NaN,,5.62,12.226105,121.1,16 / 22,383004,2022-07-15 14:08:22:071
-2.0309,2.4257,8.4503,-0.4937,1.1502,9.7264,-1.563,0.3393,-0.0357,-0.2908,-0.1994,0.1274,6028.02,-22.37,-16.18,-37.56,115.83,-6.74,2.91,5,995.65,60.789,46.166073,15.863276,742.99,NaN,,5.62,12.226105,121.1,16 / 22,383505,2022-07-15 14:08:22:572
0.0443,0.5838,10.0971,-1.0079,1.7409,9.5981,-0.3706,-1.343,0.9639,-0.2987,-0.0198,0.9749,9495.022,-21.64,-14.23,-38.7,105.71,-10.23,5.99,5,995.67,60.195,46.16607,15.863293,743.59,NaN,,5.18,12.226105,115,16 / 22,384005,2022-07-15 14:08:23:072
0.0957,1.9442,10.6546,-0.2665,1.5394,9.6814,-0.3976,0.4101,0.9965,-0.5262,-0.3821,-0.8812,7918.021,-21.69,-12.09,-38.34,96.68,-13.85,1.5,5,995.65,57.811,46.16607,15.863293,743.59,NaN,,5.18,12.226105,115,16 / 22,384504,2022-07-15 14:08:23:571
-1.3502,1.7797,9.131,-1.0451,2.0013,9.5432,-1.2762,0.5783,2.8897,0.0293,0.1183,0.4997,10293.008,-20.83,-16.2,-38.1,108.61,-11.78,6.25,5,995.68,63.201,46.166065,15.863311,743.85,NaN,,5.44,12.226105,113.4,16 / 22,385005,2022-07-15 14:08:24:072
-0.2662,1.8,10.6193,-0.6672,1.6447,9.6447,1.3426,0.672,1.4705,-0.3664,-0.1565,-0.2845,19123.021,-19.48,-16.03,-37.95,114.06,-9.65,3.96,5,995.67,61.531,46.166065,15.863311,743.85,NaN,,5.44,12.226105,113.4,16 / 22,385506,2022-07-15 14:08:24:573
-3.1884,0.3248,13.5452,-1.2749,1.8282,9.55,-2.4619,0.1075,2.267,0.2035,0.3681,0.4276,9674.033,-18.92,-14.47,-39.54,105.81,-10.74,7.6,5,995.69,64.427,46.166058,15.863328,743.46,NaN,,5.44,12.226105,113.7,16 / 23,386004,2022-07-15 14:08:25:071
0.4487,2.4796,12.7226,-1.2629,2.1233,9.4904,0.6536,0.5547,1.5307,-0.1416,-0.1277,-0.3616,19037.97,-20.12,-15.11,-39.21,101.56,-15.09,7.48,5,995.73,64.239,46.166058,15.863328,743.46,NaN,,5.44,12.226105,113.7,16 / 23,386506,2022-07-15 14:08:25:573
-2.9384,3.0329,11.7021,-0.9153,1.721,9.611,-1.5475,0.7781,0.3743,0.2005,0.3383,0.5967,58641.977,-19.82,-13.89,-40.12,106.74,-10.11,5.44,5,995.72,71.504,46.166058,15.863347,744.24,NaN,,5.51,12.226105,110.7,16 / 22,387005,2022-07-15 14:08:26:072
2.4,2.6871,12.2842,-0.525,2.5444,9.4562,1.0858,-0.2491,-1.9084,0.5577,-0.128,0.2092,67907.98,-21.13,-12.3,-40.28,93.77,-15.04,3.18,5,995.69,71.47,46.166058,15.863347,744.24,NaN,,5.51,12.226105,110.7,16 / 22,387506,2022-07-15 14:08:26:573
-3.1089,2.6608,12.524,-0.9163,2.4388,9.4543,-1.5295,0.4653,-0.4758,0.1497,0.0802,0.0444,70082.016,-20.01,-15.02,-39.51,102.13,-14.4,5.54,5,995.66,63.387,46.166054,15.863366,743.76,NaN,,5.69,12.226105,106.2,16 / 21,388004,2022-07-15 14:08:27:071
1.9747,2.8158,11.7344,-0.441,2.5,9.4724,0.59,0.3592,-1.2294,-0.2609,-0.0352,-0.0925,70639.02,-20.76,-14.92,-38.64,101.55,-14.98,3.29,5,995.71,60.655,46.166054,15.863366,743.76,NaN,,5.69,12.226105,106.2,16 / 21,388504,2022-07-15 14:08:27:571
-2.0836,2.9659,9.9105,-0.171,1.8112,9.6364,-1.0292,0.2305,-3.1779,0.2929,0.1084,0.1101,37125,-20.81,-13.37,-39.06,104.58,-10.64,1.02,5,995.7,74.259,46.166046,15.863385,743.66,NaN,,5.54,12.226105,106.6,18 / 22,389004,2022-07-15 14:08:28:071
0.2064,2.5041,8.7751,0.0504,2.7933,9.4003,0.3586,-0.6916,-2.5109,0.5271,-0.2663,-0.0067,75543.98,-21.64,-15.24,-38.03,105.43,-12.67,2.44,5,995.74,71.404,46.166046,15.863385,743.66,NaN,,5.54,12.226105,106.6,18 / 22,389505,2022-07-15 14:08:28:572
-0.941,3.5898,10.6008,0.0732,3.0143,9.3316,0.0114,1.0992,-2.2969,-0.2062,0.0612,-0.343,79956.99,-21.97,-21.26,-33.49,114.24,-17.9,-0.45,5,995.71,69.406,46.16604,15.863404,744.18,NaN,,5.51,12.226105,110.1,18 / 22,390005,2022-07-15 14:08:29:072
-0.3829,2.7769,6.6867,-0.4784,2.8989,9.3562,0.1968,-0.4359,-2.7673,0.3125,-0.1706,0.0919,11452.995,-19.93,-19.78,-36.56,113.24,-15.83,3.25,5,995.76,72.098,46.16604,15.863404,744.18,NaN,,5.51,12.226105,110.1,18 / 22,390505,2022-07-15 14:08:29:572
-1.3244,2.732,6.0538,-0.7433,1.9135,9.5894,-0.4672,0.0171,-0.1199,0.3119,0.1187,0.3369,50629.996,-21.26,-17.76,-36.77,114.36,-11.25,4.43,5,995.79,71.557,46.166035,15.863422,743.25,NaN,,5.47,12.226105,114,17 / 20,391005,2022-07-15 14:08:30:072
-0.2363,2.147,4.386,-0.7696,2.176,9.5312,-0.9755,-1.9981,-0.9001,0.5248,-0.1214,0.5386,54097,-19.56,-15,-39.06,108,-10.86,6.25,5,995.69,60.217,46.166035,15.863422,743.25,NaN,,5.47,12.226105,114,17 / 20,391505,2022-07-15 14:08:30:572
-1.8102,3.9553,6.4672,-0.3086,1.2635,9.72,-1.5515,0.3625,-1.3983,-0.04,-0.4135,0.2398,77513.02,-21.43,-13.56,-37.86,112.74,-6.58,3.26,5,995.75,66.326,46.16603,15.863441,743.17,NaN,,5.83,12.226105,112.3,17 / 20,392004,2022-07-15 14:08:31:071
-0.6814,1.416,5.79,-0.4424,2.9583,9.3393,1.5271,-1.5312,-4.0761,0.6003,-0.0145,0.6295,69334.99,-21.77,-12.22,-38.53,97.55,-13.13,8.04,5,995.7,70.058,46.16603,15.863441,743.17,NaN,,5.83,12.226105,112.3,17 / 20,392505,2022-07-15 14:08:31:572
-0.2351,2.7027,7.118,-0.1668,1.3746,9.7084,1.5182,0.3454,-1.1449,-0.2885,-0.2175,0.0196,68749.97,-25.46,-12.15,-36.19,105.07,-8.06,0.98,5,995.69,73.376,46.166023,15.863461,743.15,NaN,,6.05,12.226105,106.6,17 / 20,393005,2022-07-15 14:08:32:072
-0.35,0.5551,6.9685,-0.7189,1.3526,9.6863,0.5264,-0.9048,-0.5521,-0.102,-0.1342,0.1494,67263.01,-22.87,-4.05,-39.32,86.24,-8.86,4.97,5,995.62,70.508,46.166023,15.863461,743.15,NaN,,6.05,12.226105,106.6,17 / 20,393505,2022-07-15 14:08:32:572
-1.127,1.8784,7.7659,-0.3291,0.0788,9.8008,-0.2762,1.02,-1.1131,-0.4204,-0.1139,-0.3518,67541.984,-22.31,-2.74,-39.9,93.5,-2.25,2.95,5,995.7,65.183,46.166023,15.86348,742.11,NaN,,5.83,12.226105,99.6,17 / 20,394006,2022-07-15 14:08:33:073
1.483,0.7585,4.995,-1.1277,1.2599,9.6598,-0.4088,-0.5457,1.6463,0.5059,-0.1975,0.3746,67571.016,-21.09,-2.83,-40.73,84.74,-7.68,4.87,5,995.69,65.008,46.166023,15.86348,742.11,NaN,,5.83,12.226105,99.6,17 / 20,394504,2022-07-15 14:08:33:571
-0.9805,2.0943,6.1627,-0.1757,0.2219,9.8026,-0.363,0.2317,2.7829,-0.0137,-0.7317,-0.4702,66186.99,-21.66,-5.12,-40.44,91.3,-6.53,2.65,5,995.7,65.338,46.166023,15.8635,739.97,NaN,,5.87,12.226105,99.5,18 / 21,395007,2022-07-15 14:08:34:074
-1.3567,-0.015,10.4495,-1.4039,1.6145,9.5704,1.4444,-1.1788,2.3176,-0.0991,0.4123,0.7853,64268.98,-22.01,-6.54,-39.37,90.92,-10.53,8.67,5,995.74,56.752,46.166023,15.8635,739.97,NaN,,5.87,12.226105,99.5,18 / 21,395505,2022-07-15 14:08:34:572
-0.4995,0.329,8.6997,-0.047,0.7718,9.7761,0.6739,-0.3243,1.6398,-0.514,0.1398,0.0936,70038,-24.53,-7.88,-38.68,95.1,-8.38,-0.73,5,995.72,71.871,46.166023,15.86352,738.95,NaN,,5.83,12.226105,102.7,18 / 20,396005,2022-07-15 14:08:35:072
0.1011,1.7163,10.6857,-0.794,1.6626,9.632,-1.9497,0.4284,0.5999,0.0665,0.0378,1.1759,69694.02,-24.64,-5.14,-38.42,91.42,-6.73,2.8,5,995.64,72.854,46.166023,15.86352,738.95,NaN,,5.83,12.226105,102.7,18 / 20,396505,2022-07-15 14:08:35:572
-1.5045,-0.1346,12.6885,-0.5913,0.9931,9.7383,1.3176,0.656,1.5123,-0.3115,-0.1556,-0.0109,69460,-25.22,1.95,-39.69,74.06,-9.1,4.32,5,995.57,74.77,46.166023,15.863538,738.32,NaN,,5.26,12.226105,96.8,17 / 19,397004,2022-07-15 14:08:36:071
2.1601,1.7749,12.8429,-0.2251,1.8622,9.6256,0.2284,-0.4387,3.8909,0.7039,0.7331,0.7071,73641.016,-26.21,6.45,-39.86,64.03,-9.44,-0.44,5,995.59,61.488,46.166023,15.863538,738.32,NaN,,5.26,12.226105,96.8,17 / 19,397505,2022-07-15 14:08:36:572
1.8796,1.8796,11.4682,0.205,1.7938,9.639,0.8114,0.3376,1.9332,-0.4098,0.342,-0.6765,67379.984,-25.44,6.09,-40.37,56.25,-13.97,-2.13,5,995.62,58.042,46.166023,15.863557,737.79,NaN,,5.4,12.226105,77.7,17 / 20,398004,2022-07-15 14:08:37:071
0.9715,3.1448,9.3793,-0.1325,2.9331,9.3568,0.0828,-0.3551,-0.2663,0.1439,-0.1995,0.4668,67863.016,-24.82,3.58,-41.18,63.26,-12.05,-0.28,5,995.58,50.667,46.166023,15.863557,737.79,NaN,,5.4,12.226105,77.7,17 / 20,398504,2022-07-15 14:08:37:571
-2.0124,-1.0576,16.2939,-0.0288,1.3507,9.7131,0.0014,-1.4982,1.8787,0.3956,-0.1629,-0.6196,68501.03,-23.03,4.56,-41.16,63.43,-9.47,0.41,5,995.58,56.012,46.16603,15.863576,737.19,NaN,,5.8,12.226105,69.7,17 / 20,399006,2022-07-15 14:08:38:073
-2.1757,1.6678,16.2646,-1.4101,1.9283,9.5112,-1.2535,0.0417,3.6252,0.125,1.1842,0.548,70337.98,-22.82,4.39,-40.28,67.03,-9.51,2.24,5,995.67,58.959,46.16603,15.863576,737.19,NaN,,5.8,12.226105,69.7,17 / 20,399504,2022-07-15 14:08:38:571
3.7819,2.1446,15.0664,-0.2198,0.8783,9.7648,1.846,0.6462,4.3198,-0.7289,-0.1948,-0.5551,64159.02,-20.94,1.26,-41.76,71.59,-9.7,3.51,5,995.66,59.09,46.166035,15.863596,734.99,NaN,,5.94,12.226105,73,17 / 19,400004,2022-07-15 14:08:39:071
-1.2245,1.5787,12.1179,-0.2271,1.9544,9.6072,-1.2795,-0.3164,-0.2168,0.3997,0.1759,0.3858,66655.984,-24.86,2.68,-40.12,72.43,-6.77,-0.83,5,995.69,62.433,46.166035,15.863596,734.99,NaN,,5.94,12.226105,73,17 / 19,400505,2022-07-15 14:08:39:572
-1.7635,-1.6463,15.524,-0.2257,0.861,9.7662,0.2092,-0.5737,0.1775,0.2319,-0.12,-0.2492,69993.99,-24.69,1.59,-39.34,78.09,-5.21,1.4,5,995.72,57.078,46.16604,15.863616,732.56,NaN,,5.83,12.226105,75.8,16 / 20,401005,2022-07-15 14:08:40:072
-2.3767,1.0917,11.4365,-0.1123,1.6017,9.6743,-1.2666,-1.5056,2.7063,0.7617,-0.282,-0.1755,70683.03,-23.49,4.11,-39.75,70.52,-5.53,-1.03,5,995.73,55.27,46.16604,15.863616,732.56,NaN,,5.83,12.226105,75.8,16 / 20,401505,2022-07-15 14:08:40:572
0.6634,-1.0666,13.5081,-0.0872,0.9652,9.7586,1.2448,-2.0836,2.9044,0.172,0.1891,-0.2371,69255,-22.48,3.98,-40.52,68.71,-7.46,2.18,5,995.69,63.947,46.166046,15.863633,731.11,NaN,,5.69,12.226105,78.8,16 / 21,402004,2022-07-15 14:08:41:071
0.335,0.9703,15.4463,0.3673,1.0385,9.7446,-2.4405,0.9391,-1.321,0.5857,0.7363,0.6165,75938.984,-25.46,3.99,-39.06,79.66,0.29,-5.99,5,995.81,71.748,46.166046,15.863633,731.11,NaN,,5.69,12.226105,78.8,16 / 21,402505,2022-07-15 14:08:41:572
-0.2183,0.4331,10.2455,-0.9807,1.625,9.6212,2.0765,-1.3837,-2.6984,0.0945,0.3573,-0.4297,67431.016,-23.72,0.84,-40.26,73.86,-10.74,5.34,5,995.75,61.288,46.166046,15.863652,730.37,NaN,,5.98,12.226105,82.8,16 / 21,403005,2022-07-15 14:08:42:072
-0.9494,1.8257,12.5007,-0.7546,1.4254,9.6731,-2.1606,-1.0811,2.6564,0.5536,0.5244,0.7142,72330.03,-22.29,1.84,-40.33,76.08,-4.8,-0.54,5,995.81,56.919,46.166046,15.863652,730.37,NaN,,5.98,12.226105,82.8,16 / 21,403506,2022-07-15 14:08:42:573
1.8909,1.1844,11.6764,-0.7222,0.9698,9.7318,1.7577,-0.4515,1.7128,-0.1324,-0.0337,-0.8408,67593.016,-23.34,-0.75,-40.67,77.74,-10.08,5.27,5,995.75,48.21,46.166046,15.863674,729.26,NaN,,6.23,12.226105,84.2,16 / 21,404005,2022-07-15 14:08:43:072
-2.933,-0.0981,14.8654,-1.0705,1.3731,9.6509,-0.8601,0.286,2.3593,-0.1469,0.1399,0.4001,69855.01,-21.92,-2.57,-40.73,90.82,-3.77,1.37,5,995.85,55.7,46.166046,15.863674,729.26,NaN,,6.23,12.226105,84.2,16 / 21,404505,2022-07-15 14:08:43:572
-3.8794,0.6909,11.8187,-0.3281,1.8936,9.6165,0.4385,-1.6967,-0.3344,0.2301,0.1032,-0.8035,65586.984,-21.45,-1.82,-40.82,75.46,-12.03,4.34,5,995.77,57.631,46.166054,15.863694,727.78,NaN,,5.8,12.226105,85.1,18 / 21,405004,2022-07-15 14:08:44:071
-0.3057,2.0148,14.4993,0.061,2.3975,9.5089,-1.5626,-0.4903,2.5619,0.5087,0.1156,0.606,69343.02,-24.07,-3.94,-40.43,82.11,-10.52,0.25,5,995.86,61.319,46.166054,15.863694,727.78,NaN,,5.8,12.226105,85.1,18 / 21,405505,2022-07-15 14:08:44:572
1.0229,1.255,10.0511,-0.0055,1.8328,9.6339,1.3855,-0.4308,-2.3039,0.4142,-1.2201,-0.926,67438.984,-33.53,-7.78,-37.97,91.28,-10.77,0.03,5,995.76,55.999,46.166046,15.863716,726.98,NaN,,6.08,12.226105,87.8,18 / 21,406005,2022-07-15 14:08:45:072
0.6664,1.1928,12.7878,-0.3324,1.1706,9.7309,-0.8893,0.8572,-1.1762,0.9838,-0.4462,0.3835,69532.97,-35.51,-7.41,-37.87,97.86,-2.92,1.47,5,995.93,56.452,46.166046,15.863716,726.98,NaN,,6.08,12.226105,87.8,18 / 21,406505,2022-07-15 14:08:45:572
1.5296,0.3505,14.9575,0.2869,0.8083,9.7691,-0.9808,-1.1125,1.048,0.4211,-0.9542,0.4717,67789.984,-32.32,-4.84,-38.83,92.64,-5.29,4.03,5,995.81,56.322,46.166046,15.863737,725.66,NaN,,5.94,12.226105,90.9,18 / 21,407004,2022-07-15 14:08:46:071
-1.2562,1.5739,12.5635,-0.2565,1.5586,9.6786,0.6235,0.1455,0.9043,0.2166,-0.428,-0.1634,66735.97,-24.69,-1.05,-39.75,84.01,-6.02,4.83,5,995.79,56.013,46.166046,15.863737,725.66,NaN,,5.94,12.226105,90.9,18 / 21,407505,2022-07-15 14:08:46:572
0.545,-0.14,15.5342,0.1137,1.3464,9.7131,0.5651,0.5678,-2.9742,-0.1151,-0.1515,-0.6721,69489.02,-25.88,-2.16,-39.19,82.39,-7.89,-0.67,5,995.84,58.734,46.166046,15.863757,725.25,NaN,,5.9,12.226105,93.7,18 / 21,408005,2022-07-15 14:08:47:072
-1.0582,1.2485,9.8985,-0.1748,1.0463,9.7491,-0.0511,0.8713,-1.7773,0.4268,0.3997,0.246,69927.98,-24,-2.03,-39.39,90.64,-2.56,1.36,5,995.84,59.13,46.166046,15.863757,725.25,NaN,,5.9,12.226105,93.7,18 / 21,408505,2022-07-15 14:08:47:572
-0.0646,0.2423,12.3482,-0.1517,1.066,9.7474,-0.0798,-0.073,-0.6097,0.2203,-0.2214,-0.0961,69914.01,-22.63,-1.37,-39.98,84.77,-4.79,2.41,5,995.85,59.194,46.166042,15.863778,724.97,NaN,,5.8,12.226105,96.7,18 / 21,409005,2022-07-15 14:08:48:072
-1.3095,0.9852,12.521,-0.6296,1.1716,9.716,-0.1878,1.5067,-1.5649,0.0043,-0.0125,-0.2737,67233.984,-22.56,-3.3,-39.71,90.58,-4.05,2.94,5,995.86,54.643,46.166042,15.863778,724.97,NaN,,5.8,12.226105,96.7,18 / 21,409505,2022-07-15 14:08:48:572
-1.9478,0.5689,8.8074,-0.931,1.3936,9.6624,-1.0334,-1.5516,-2.3062,0.3281,-0.5676,-0.1503,65579.02,-20.19,-4.27,-41.16,86.24,-8.17,5.5,5,995.86,55.376,46.16604,15.863799,724.15,NaN,,5.83,12.226105,99.3,18 / 21,410004,2022-07-15 14:08:49:071
-1.1324,2.851,7.8951,-0.4682,0.7956,9.7631,1.1104,1.3519,-2.3136,0.2208,-0.1261,-0.0483,66648.016,-21.13,-6.17,-39.82,100.97,-2.06,4.08,5,995.89,55.577,46.16604,15.863799,724.15,NaN,,5.83,12.226105,99.3,18 / 21,410505,2022-07-15 14:08:49:572
0.8871,2.0183,9.8865,-0.7863,1.8381,9.6007,1.2828,-0.0087,-3.7798,0.3419,-0.2407,0.4488,64847.992,-21.21,-5.23,-40.82,88.26,-8.63,6.95,5,995.91,55.441,46.16604,15.863818,724.25,NaN,,5.44,12.226105,102.9,18 / 21,411005,2022-07-15 14:08:50:072
-2.2636,3.2381,8.0997,-0.5361,1.2381,9.7134,-0.9766,1.4387,-2.4097,0.074,-0.1342,0.0593,66428.98,-22.74,-7.11,-40.11,97.81,-5.27,2.59,5,995.9,55.892,46.16604,15.863818,724.25,NaN,,5.44,12.226105,102.9,18 / 21,411505,2022-07-15 14:08:50:572
0.3464,1.0193,7.7994,-0.6895,1.322,9.6926,0.8986,-0.8992,-0.7093,0.3063,-0.3316,-0.0096,66421.016,-21.71,-6.21,-40.5,91.8,-7.75,4.07,5,995.89,55.685,46.16603,15.863838,724,NaN,,5.8,12.226105,104.9,18 / 21,412004,2022-07-15 14:08:51:071
-1.2275,1.7827,7.3179,0.3501,0.9403,9.7552,-0.128,-0.1242,-0.228,0.1965,-0.1365,-0.3755,71948.99,-23.72,-6.15,-39.13,95.97,-5.13,-0.63,5,995.9,56.07,46.16603,15.863838,724,NaN,,5.8,12.226105,104.9,18 / 21,412504,2022-07-15 14:08:51:571
-0.0114,1.4052,6.0724,-0.0694,1.4565,9.6976,0.2557,-0.6974,-2.4212,0.1027,-0.0587,0.2621,70639.02,-24.97,-7.03,-39.06,93.38,-8.12,2.41,5,995.91,59.689,46.16603,15.863858,724.25,NaN,,5.72,12.226105,105,17 / 21,413006,2022-07-15 14:08:52:073
-0.3781,1.1222,9.0945,-0.468,0.0622,9.7953,-0.0578,-0.488,3.5535,-0.7047,-0.0015,0.0664,71070.01,-26.89,-4.71,-38.48,94.79,-4.01,3.35,5,995.98,55.921,46.16603,15.863858,724.25,NaN,,5.72,12.226105,105,17 / 21,413505,2022-07-15 14:08:52:572
0.2919,0.7944,7.1707,-0.8638,0.9893,9.7183,0.9228,-1.6808,4.2008,0.1481,-0.5194,0.2472,71298.02,-24.58,0.6,-38.96,80.61,-5.79,5.08,5,996,55.988,46.166023,15.86388,724.33,NaN,,6.19,12.226105,102.8,16 / 20,414004,2022-07-15 14:08:53:071
-1.1767,0.7777,6.8399,-0.6399,-0.0186,9.7857,0.6839,0.2463,-0.2403,-0.7261,0.3043,-0.2383,68712.98,-24.45,0.32,-39.62,84.2,-3.75,1.83,5,995.94,56.424,46.166023,15.86388,724.33,NaN,,6.19,12.226105,102.8,16 / 20,414504,2022-07-15 14:08:53:571
1.6642,1.3645,6.7549,-0.4113,0.8924,9.7573,1.6463,0.0899,-2.101,-0.3374,-0.1394,-0.0872,69746,-22.52,1.43,-41.01,79.43,-5.82,4.95,5,995.99,64.327,46.166023,15.863904,724.72,NaN,,6.16,12.226105,96.1,16 / 21,415004,2022-07-15 14:08:54:071
-0.9242,1.544,6.9482,-0.767,0.419,9.7676,-0.1121,0.5693,-1.3157,-0.3083,0.2001,0.3215,69321.016,-24.53,0.6,-39.62,83,-3.45,3.02,5,995.99,55.687,46.166023,15.863904,724.72,NaN,,6.16,12.226105,96.1,16 / 21,415505,2022-07-15 14:08:54:572
-1.4596,0.1304,8.4736,-1.2432,0.9381,9.6822,-0.5727,-0.8284,3.7776,0.1244,-0.1974,0.3696,64898.008,-21.88,1.84,-41.21,78.27,-5.49,7.32,5,996.05,55.209,46.166023,15.863927,724.7,NaN,,6.08,12.226105,93.1,17 / 22,416005,2022-07-15 14:08:55:072
-0.923,1.1599,7.3155,-1.1581,0.746,9.7094,-0.4942,-1.1864,2.3487,0.1107,0.4439,-0.0217,64781.977,-22.89,1.99,-41.06,76,-6.53,4.1,5,995.98,59.978,46.166023,15.863927,724.7,NaN,,6.08,12.226105,93.1,17 / 22,416504,2022-07-15 14:08:55:571
-1.5673,0.137,8.4885,-1.0225,0.9866,9.7032,-0.2624,0.0338,0.1186,-0.5287,-0.3147,0.5894,63901.984,-20.7,0.64,-41.36,76.23,-8.32,7.79,5,996.03,60.825,46.166023,15.863948,723.74,NaN,,5.9,12.226105,91.8,17 / 22,417006,2022-07-15 14:08:56:073
-0.1334,0.7573,10.7348,-1.0064,0.6546,9.7329,0.7278,0.3124,-1.2637,-0.4332,-0.2982,-0.152,63976.03,-23.23,1.54,-40.59,76.62,-7.22,7.59,5,995.99,54.932,46.166023,15.863948,723.74,NaN,,5.9,12.226105,91.8,17 / 22,417505,2022-07-15 14:08:56:572
1.5553,2.0273,8.0662,-0.8329,1.3981,9.6707,-1.0638,0.4422,0.803,-0.5326,-0.1773,-0.0302,68149.016,-23.59,0.41,-40.61,78.6,-8.2,4.92,5,995.96,63.626,46.16602,15.86397,723.44,NaN,,6.01,12.226105,92.8,17 / 22,418004,2022-07-15 14:08:57:071
-0.3488,0.0054,12.7926,-0.5754,0.8311,9.7544,0.8565,0.2524,2.0931,-0.6739,0.4178,-0.9047,68332.01,-23.89,0.28,-39.37,76.58,-8.99,1.61,5,995.99,60.91,46.16602,15.86397,723.44,NaN,,6.01,12.226105,92.8,17 / 22,418504,2022-07-15 14:08:57:571
0.8453,1.6271,7.2275,-1.1304,1.5309,9.6202,0.4127,0.1303,2.959,8.00E-04,0.0417,0.2792,69240.016,-23.76,-0.66,-39.84,80.46,-8.67,5.56,5,996.04,56.862,46.16602,15.863991,723.87,NaN,,5.9,12.226105,93.9,17 / 22,419004,2022-07-15 14:08:58:071
-0.0233,1.5111,11.7464,-0.9614,1.1377,9.6929,-1.3945,-1.0717,2.9862,-0.0578,0.4987,0.0389,67739.02,-23.79,-0.58,-39.96,77.92,-9.56,2.37,5,996.07,57.2,46.16602,15.863991,723.87,NaN,,5.9,12.226105,93.9,17 / 22,419505,2022-07-15 14:08:58:572
-0.5414,1.7827,12.8752,-0.7659,1.5347,9.6555,-0.3494,0.6155,0.7222,-0.0109,0.2149,0.5244,66794.02,-23.7,0.71,-39.69,75.65,-9,4.54,5,995.98,52.765,46.16602,15.864015,723.99,NaN,,6.3,12.226105,89.6,17 / 21,420005,2022-07-15 14:08:59:072
-1.0355,0.9978,10.7629,-0.7384,1.3332,9.6875,0.8831,-0.4327,0.9513,0.1549,-0.0221,-0.0469,68177.98,-23.1,4.71,-40.24,67.86,-8.2,3.83,5,996.12,51.259,46.16602,15.864015,723.99,NaN,,6.3,12.226105,89.6,17 / 21,420505,2022-07-15 14:08:59:572
-0.4696,0.6694,12.5432,-0.8489,1.4629,9.6597,0.0201,0.4462,1.2667,-0.0608,0.1053,0.1337,67981.01,-22.95,4.67,-40.56,66.82,-7.77,1.82,5,995.88,49.699,46.166023,15.864038,723.09,NaN,,5.94,12.226105,80.1,17 / 21,421004,2022-07-15 14:09:00:071
0.6215,1.4094,12.3446,-0.3904,1.0635,9.741,0.3428,0.4633,-3.3652,0.3253,-0.2584,-0.3435,69107.984,-22.69,7.48,-39.99,65.52,-6.23,2.3,5,996,49.461,46.166023,15.864038,723.09,NaN,,5.94,12.226105,80.1,17 / 21,421505,2022-07-15 14:09:00:572
-3.125,1.2897,13.1916,-0.9946,1.7032,9.6063,-1.2151,-0.0803,-3.1033,-0.0309,0.5751,0.7181,65175.973,-21.94,6.04,-40.69,64.24,-10,5.91,5,996,49.342,46.16603,15.864059,722,NaN,,6.08,12.226105,73.1,17 / 21,422005,2022-07-15 14:09:01:072
-0.1131,0.4953,10.7115,-0.2166,1.4581,9.6952,0.2061,-0.2413,-1.6948,0.2503,-0.358,-0.1626,66092.02,-19.87,7.31,-40.87,62.6,-6.75,3.43,5,996.03,49.412,46.16603,15.864059,722,NaN,,6.08,12.226105,73.1,17 / 21,422504,2022-07-15 14:09:01:571
-2.7972,1.4907,11.5849,-0.7517,1.4106,9.6755,0.4199,1.204,-1.3165,0.0629,0.0538,0.0517,67870.984,-21.3,8.63,-40.39,62.36,-4.95,3.61,5,996.02,48.408,46.166035,15.864081,722.15,NaN,,6.12,12.226105,69.2,17 / 21,423004,2022-07-15 14:09:02:071
-1.0457,0.731,11.0937,-0.5262,1.1737,9.7219,0.1396,-0.4062,-2.5803,0.2711,-0.3013,-0.2903,66744,-20.49,9.08,-40.61,58.29,-6.87,3.1,5,996.02,49.586,46.166035,15.864081,722.15,NaN,,6.12,12.226105,69.2,17 / 21,423504,2022-07-15 14:09:02:571
-1.1958,1.6774,10.4584,-0.6588,1.1066,9.7217,0.3401,1.3719,-3.0855,-0.0178,0.0608,-0.1172,67988.03,-20.76,9.34,-40.03,60.68,-6.48,3.88,5,996.06,49.497,46.16604,15.864102,721.93,NaN,,6.05,12.226105,69.5,17 / 21,424004,2022-07-15 14:09:03:071
-0.3882,0.9942,7.9573,-0.6154,1.0899,9.7264,-0.1823,-0.6672,-2.1192,0.3097,-0.3684,0.1524,67628.99,-20.19,10.63,-39.62,60.72,-3.92,6.14,5,996.02,54.357,46.16604,15.864102,721.93,NaN,,6.05,12.226105,69.5,17 / 21,424504,2022-07-15 14:09:03:571
-1.3352,1.1593,11.3498,-1.0511,1.4968,9.6346,0.5262,1.9694,-2.112,0.2901,0.0118,-0.0485,67981.01,-20.72,9.36,-38.32,65.01,-4.11,5.81,5,996.06,58.443,46.166046,15.864123,721.94,NaN,,5.94,12.226105,68.6,17 / 21,425005,2022-07-15 14:09:04:072
0.3494,0.5145,10.3406,-0.581,0.9687,9.7414,-1.0201,-0.6652,-2.0227,0.066,-0.1378,-0.1179,68706.02,-20.16,11.4,-36.92,56.85,-5.67,3.41,5,996.06,53.787,46.166046,15.864123,721.94,NaN,,5.94,12.226105,68.6,17 / 21,425505,2022-07-15 14:09:04:572
-1.3167,2.6572,9.5845,-0.7191,0.5843,9.7628,1.2128,1.5522,-1.392,0.4278,0.2195,0.3935,67000.03,-19.89,15.53,-34.56,51.42,-3.42,4.21,5,996.05,50.711,46.166058,15.864142,722.06,NaN,,5.9,12.226105,64.7,17 / 21,426004,2022-07-15 14:09:05:071
0.1986,1.0128,8.1517,-0.6059,1.4192,9.6845,0.7227,-0.6149,-3.3193,-0.0793,-0.2027,0.1006,64277.01,-12.77,15.13,-33.36,40.09,-8.52,6.05,5,996.03,54.304,46.166058,15.864142,722.06,NaN,,5.9,12.226105,64.7,17 / 21,426504,2022-07-15 14:09:05:571
-0.9601,1.8419,8.0752,-0.1913,0.58,9.7876,-0.6237,1.1233,-1.7057,0.1176,-0.2411,-0.1883,70126.02,-15.75,7.56,-34.39,60.53,-2,0.41,5,996.05,50.025,46.16606,15.864159,721.46,NaN,,5.72,12.226105,63.2,17 / 21,427005,2022-07-15 14:09:06:072
-0.3715,0.74,7.4949,-1.1062,1.0107,9.6915,0.961,-0.6018,-0.0468,0.246,-0.3019,0.3593,67988.03,-18.81,10.37,-37.87,59.58,-5.92,6.51,5,996.06,53.387,46.16606,15.864159,721.46,NaN,,5.72,12.226105,63.2,17 / 21,427504,2022-07-15 14:09:06:571
-0.7286,1.9795,7.992,-0.5412,0.2013,9.7896,0.8153,-0.3664,-0.3197,-0.3737,-0.223,-0.1801,68976.02,-19.07,11.79,-39.21,58.84,-1.18,3.16,5,996.07,65.796,46.16607,15.864175,721.5,NaN,,5.58,12.226105,66,17 / 21,428004,2022-07-15 14:09:07:071
0.6197,1.2461,7.4064,-0.8611,0.6945,9.7441,-1.1179,-1.2935,-0.1405,0.3157,-0.3508,0.3102,68867.016,-19.05,11.1,-39.69,61.21,-2.75,6.31,5,996.06,45.237,46.16607,15.864175,721.5,NaN,,5.58,12.226105,66,17 / 21,428505,2022-07-15 14:09:07:572
-1.3406,0.5617,7.7779,-0.9934,0.3023,9.7515,0.1407,0.3334,-1.8856,-0.3184,-0.0126,0.0128,67813,-19.46,12.83,-39.34,58.57,-2.05,6.65,5,996.11,59.322,46.166077,15.864192,721.17,NaN,,5.4,12.226105,67.3,18 / 21,429005,2022-07-15 14:09:08:072
-0.0215,0.7609,7.7157,-1.1789,0.9374,9.6903,-0.5476,-0.6743,3.2535,0.1161,-0.0049,0.0782,67205.03,-18.73,13.82,-39.86,53.53,-5.49,6.94,5,996.1,52.401,46.166077,15.864192,721.17,NaN,,5.4,12.226105,67.3,18 / 21,429504,2022-07-15 14:09:08:571
-1.2832,1.2939,8.9713,-1.6235,0.1487,9.6702,-1.2728,-0.0916,0.8853,-0.7915,0.1452,0.0449,63500.02,-19.16,11.14,-40.14,65.52,-0.87,9.53,5,996.12,60.397,46.16608,15.864209,721.69,NaN,,6.08,12.226105,61.3,18 / 21,430004,2022-07-15 14:09:09:071
-1.8449,-0.655,9.0395,-0.9977,0.6689,9.7328,1.0675,-0.2008,0.3836,-0.131,-0.2844,0.1612,68537.01,-17.66,13.11,-38.96,55.2,-4.37,7.06,5,996.11,47.986,46.16608,15.864209,721.69,NaN,,6.08,12.226105,61.3,18 / 21,430504,2022-07-15 14:09:09:571
0.999,1.5984,9.3057,-1.0142,0.3895,9.7463,1.1767,0.5555,0.3103,-0.1342,0.3241,0.0688,66788.016,-21.07,13.35,-36.82,58.22,-2.93,4.54,5,996.15,49.857,46.166092,15.864226,721.96,NaN,,6.01,12.226105,54.3,18 / 21,431004,2022-07-15 14:09:10:071
-1.0636,-0.0802,7.8174,-1.4808,0.8887,9.6534,-0.9522,-0.4605,2.0303,0.1443,-0.2615,0.3069,66026.01,-17.78,15.73,-37.78,50.97,-5.2,8.72,5,996.11,49.262,46.166092,15.864226,721.96,NaN,,6.01,12.226105,54.3,18 / 21,431504,2022-07-15 14:09:10:571
0.5539,0.9631,9.052,-1.0452,0.5674,9.7343,0.7846,0.1484,1.5017,-0.8399,0.4213,-0.7702,64342.016,-17.93,16.67,-39.24,49.11,-3.32,6.13,5,996.1,49.374,46.1661,15.864239,721.98,NaN,,5.87,12.226105,45,18 / 21,432005,2022-07-15 14:09:11:072
-1.1468,0.3565,11.15,-1.1708,0.7597,9.7068,-0.4543,-0.7647,2.4849,-0.5189,0.126,0.0938,66377.01,-16.01,18.24,-39.28,42.68,-6.6,6.63,5,996.1,61.948,46.1661,15.864239,721.98,NaN,,5.87,12.226105,45,18 / 21,432504,2022-07-15 14:09:11:571
-1.0989,-0.1501,13.6881,-0.4614,1.4085,9.694,0.1656,-0.6098,2.683,-0.4817,0.4007,-0.3974,64685.996,-15.3,17.7,-40.91,35.67,-8.26,2.73,5,996.15,56.523,46.16611,15.86425,720.96,NaN,,5.65,12.226105,38.8,17 / 20,433004,2022-07-15 14:09:12:071
-2.9474,0.213,9.6275,-1.2988,1.3652,9.6239,-1.0758,-0.0937,2.2,-0.1327,-0.0893,0.3451,65821.01,-14.36,16.88,-40.82,41.05,-8,7.69,5,996.2,58.75,46.16611,15.86425,720.96,NaN,,5.65,12.226105,38.8,17 / 20,433504,2022-07-15 14:09:12:571
-2.9617,-1.8562,13.1629,-0.2632,0.9311,9.7588,1.0555,-0.7805,0.6702,0.0128,-0.1177,-0.9368,64775.027,-13.29,17.51,-40.29,32.99,-5.45,1.54,5,996.13,46.242,46.166122,15.86426,720.26,NaN,,5.62,12.226105,41.5,17 / 20,434005,2022-07-15 14:09:13:072
-1.5284,-0.4546,14.9115,-1.5787,0.5131,9.6651,-2.1767,-0.4655,3.1379,0.2104,0.721,0.4278,71934.01,-14.63,18.45,-39.9,42.27,-3.06,4.68,5,996.16,48.599,46.166122,15.86426,720.26,NaN,,5.62,12.226105,41.5,17 / 20,434506,2022-07-15 14:09:13:573
-0.7059,1.3454,10.5386,-0.784,1.5073,9.6584,1.2018,-0.9764,-2.1241,0.114,-0.0695,-0.6411,63310.008,-12.3,13.35,-41.18,38.84,-8.84,4.64,5,996.09,51.32,46.166134,15.864274,719.63,NaN,,5.51,12.226105,49.2,16 / 20,435006,2022-07-15 14:09:14:073
-0.7783,0.7771,13.2652,-1.0601,1.279,9.6649,-0.2565,1.097,-0.3161,-0.0099,0.0073,0.3297,67534.02,-17.21,8.87,-42.15,56.67,-7.49,6.26,5,996.15,52.128,46.166134,15.864274,719.63,NaN,,5.51,12.226105,49.2,16 / 20,435506,2022-07-15 14:09:14:573
0.0957,1.3442,12.0371,-0.4774,1.6628,9.6529,-0.314,-0.6171,-0.7339,0.2465,-0.275,0.0338,66173.02,-19.59,7.95,-41.68,56.08,-9.76,2.83,5,996.16,56.102,46.16614,15.86429,719.65,NaN,,5.62,12.226105,58.8,17 / 22,436005,2022-07-15 14:09:15:072
-3.8441,1.4052,14.0937,-0.9989,1.526,9.6356,-1.1997,0.6223,0.4315,0.1122,-0.108,0.0016,66751.02,-20.42,7.69,-40.69,62.58,-5.75,4.21,5,996.19,61.062,46.16614,15.86429,719.65,NaN,,5.62,12.226105,58.8,17 / 22,436505,2022-07-15 14:09:15:572
-0.0736,0.7178,10.9029,-0.4064,1.7081,9.6482,0.1746,-0.0017,-3.2744,0.1898,-0.0541,-0.2016,65939,-19.91,8.44,-40.07,55.86,-10.03,2.41,5,996.15,53.814,46.166145,15.864309,718.87,NaN,,5.72,12.226105,64.9,17 / 22,437005,2022-07-15 14:09:16:072
-2.1206,2.9097,8.9982,-0.921,1.2598,9.6817,0.3508,1.8904,-2.667,0.2265,-0.0219,0.0867,65345,-19.09,9.32,-41.21,58.56,-7.38,5.43,5,996.19,50.826,46.166145,15.864309,718.87,NaN,,5.72,12.226105,64.9,17 / 22,437504,2022-07-15 14:09:16:571
0.0179,1.3579,8.6028,-0.7584,1.8031,9.6096,0.8429,-0.863,-1.446,0.329,-0.037,-0.0525,63976.03,-17.53,11.4,-41.42,49.52,-10.59,4.51,5,996.2,62.494,46.166153,15.864329,719.22,NaN,,5.8,12.226105,65,18 / 23,438004,2022-07-15 14:09:17:071
-1.4471,1.9047,10.0929,-0.9521,1.0879,9.6995,-0.2824,0.6226,-1.6272,0.1383,-0.1318,0.152,65871.97,-17.61,11.93,-41.25,56.09,-3.92,5.42,5,996.22,68.38,46.166153,15.864329,719.22,NaN,,5.8,12.226105,65,18 / 23,438505,2022-07-15 14:09:17:572
-0.8369,1.8622,7.1755,-1.2222,1.2537,9.6491,0.4345,-1.031,-0.6492,0.3635,-0.152,0.0425,64809.992,-16.29,13.29,-41.36,49.69,-7.35,7.22,5,996.24,67.679,46.16616,15.864349,718.67,NaN,,5.83,12.226105,62,18 / 23,439005,2022-07-15 14:09:18:072
-0.615,2.1966,5.6847,-1.3183,0.9115,9.6748,-0.1129,-0.3842,-1.8951,-0.0252,-0.2035,0.1121,62972.98,-16.43,12.36,-41.77,54.04,-5.33,7.76,5,996.2,71.052,46.16616,15.864349,718.67,NaN,,5.83,12.226105,62,18 / 23,439506,2022-07-15 14:09:18:573
-0.8034,1.0624,7.9184,-0.5486,1.6187,9.6566,-0.308,-1.4502,-3.0747,0.3884,-0.6736,0.2315,65088.965,-19.82,13.03,-41.7,48.81,-9.5,3.25,5,996.21,66.03,46.16617,15.864367,719.11,NaN,,5.69,12.226105,58.1,18 / 23,440005,2022-07-15 14:09:19:072
-1.471,3.0849,7.0397,-1.2288,0.8563,9.6916,0.1505,0.573,-1.877,0.1959,-0.0053,0.2546,65945.01,-26.32,9.58,-40.76,69.4,-2.81,7.93,5,996.21,66.116,46.16617,15.864367,719.11,NaN,,5.69,12.226105,58.1,18 / 23,440505,2022-07-15 14:09:19:572
-0.5719,1.2802,6.2016,-1.4798,1.3357,9.6019,0.6336,-0.0175,-0.4511,0.2534,-0.3295,0.5459,63808.027,-22.93,11.59,-41.31,59.7,-7.83,8.76,5,996.23,60.651,46.166176,15.864383,719.02,NaN,,5.83,12.226105,52.7,18 / 22,441004,2022-07-15 14:09:20:071
-0.6676,1.8108,7.3095,-0.759,0.8526,9.74,0.8878,0.4535,0.6196,-0.5177,0.0128,-0.2563,64561.996,-14.68,13.65,-42.17,46.17,-4.99,4.46,5,996.18,52.257,46.166176,15.864383,719.02,NaN,,5.83,12.226105,52.7,18 / 22,441505,2022-07-15 14:09:20:572
0.6903,1.4859,6.5402,-0.8133,0.5519,9.7573,2.8676,0.0678,0.7679,-0.3522,-0.0235,-0.5861,64481,-15.15,15.09,-41.62,46.89,-3.23,4.76,5,996.22,51.616,46.166183,15.864399,718.27,NaN,,5.83,12.226105,47.9,18 / 22,442005,2022-07-15 14:09:21:072
0.4714,1.2072,7.5147,-0.1549,0.2493,9.8023,-0.0423,0.0407,0.2043,-0.0284,-0.2277,-0.6361,69262.97,-18.58,12.77,-40.82,52.67,-2.84,0.93,5,996.19,56.518,46.166183,15.864399,718.27,NaN,,5.83,12.226105,47.9,18 / 22,442505,2022-07-15 14:09:21:572
1.6828,2.2708,9.3338,-0.4927,2.0804,9.5708,-0.4837,-0.4941,2.6052,0.352,-0.0461,-0.3576,67425.01,-22.16,1.01,-40.05,69.02,-12.25,2.95,5,996.14,56.54,46.166195,15.864414,718.09,NaN,,5.44,12.226105,57.3,18 / 23,443005,2022-07-15 14:09:22:072
0.1346,1.6546,10.477,0.7677,1.7986,9.6097,0.9182,-1.2781,3.1898,-0.3051,-0.0342,-0.9305,71941.98,-23.47,-9.53,-37.61,97.29,-10.57,-4.57,5,996.21,60.645,46.166195,15.864414,718.09,NaN,,5.44,12.226105,57.3,18 / 23,443505,2022-07-15 14:09:22:572
-1.4154,1.9149,10.4291,0.0257,1.6817,9.6613,-0.0393,0.2336,3.6664,-0.0867,0.2712,-0.1728,72139.01,-21.58,-12.94,-37.5,106.42,-9.87,-0.15,5,996.22,58.977,46.166195,15.864433,718.83,NaN,,5.47,12.226105,87,18 / 23,444005,2022-07-15 14:09:23:072
0.4732,1.2951,11.4389,-0.1505,1.8114,9.6367,-0.3509,-0.5291,2.5957,0.1042,0.4305,-0.2279,73010.03,-19.82,-13.46,-38.12,103.08,-12.34,-0.79,5,996.17,52.802,46.166195,15.864433,718.83,NaN,,5.47,12.226105,87,18 / 23,444505,2022-07-15 14:09:23:572
-2.5962,2.4431,12.1896,-0.0149,1.6893,9.66,-0.6204,1.3858,-0.9849,0.0941,0.5201,0.2715,71341.02,-20.4,-15.32,-37.57,112.32,-9.92,0.09,5,996.08,59.403,46.166187,15.864451,718.85,NaN,,5.29,12.226105,116.3,19 / 23,445004,2022-07-15 14:09:24:071
-0.0329,1.2233,12.1729,-0.3145,1.6747,9.6575,-0.2443,0.3162,-0.8134,-0.0209,-0.0704,-0.0224,70301.99,-20.7,-13.2,-39.17,105.73,-9.83,1.87,5,996.15,58.549,46.166187,15.864451,718.85,NaN,,5.29,12.226105,116.3,19 / 23,445504,2022-07-15 14:09:24:571
-1.584,2.7607,9.9386,-0.5146,1.4855,9.6798,-0.8619,1.168,-0.497,0.0606,-0.088,0.0125,69657.03,-22.72,-12.39,-39.71,106.83,-6.46,2.9,5,996.11,63.476,46.16618,15.864467,718.91,NaN,,5.62,12.226105,126.2,18 / 22,446004,2022-07-15 14:09:25:071
-0.2022,0.7178,12.9721,-0.5409,1.3359,9.7002,-0.532,-1.0418,-1.2966,0.1766,-0.1278,0.1765,70390.016,-23.14,-11.21,-39.37,103.23,-7.38,4.91,5,996.19,58.503,46.16618,15.864467,718.91,NaN,,5.62,12.226105,126.2,18 / 22,446504,2022-07-15 14:09:25:571
-1.9466,2.793,9.9159,-0.4798,1.038,9.7398,-0.3844,-0.2818,-2.1626,0.0179,0.0108,0.141,68361.98,-24.39,-9,-39.06,100.83,-6.08,2.82,5,996.16,60.827,46.16617,15.864485,718.98,NaN,,5.76,12.226105,121.4,18 / 22,447004,2022-07-15 14:09:26:071
-0.807,0.9224,8.1218,-0.0836,1.8438,9.6314,0.8082,-0.8192,-2.8481,0.65,-0.358,0.4304,69364.016,-23.47,-6.64,-38.49,89.43,-10.84,0.5,5,996.24,57.82,46.16617,15.864485,718.98,NaN,,5.76,12.226105,121.4,18 / 22,447504,2022-07-15 14:09:26:571
-0.3595,3.1926,7.7563,-0.4407,0.8528,9.7595,0.5318,1.869,-2.1442,0.0579,0.044,0.0053,69663.984,-24.9,-4.89,-37.86,97.13,-2.58,2.57,5,996.1,56.3,46.16616,15.864505,718.49,NaN,,5.8,12.226105,113.2,19 / 23,448004,2022-07-15 14:09:27:071
-0.5198,1.529,8.9797,-0.9083,1.3092,9.6763,1.7594,0.135,-1.9238,0.4089,-0.1765,0.6105,66245.984,-22.57,-2.19,-39.75,82.06,-9.06,6.82,5,996.15,64.878,46.16616,15.864505,718.49,NaN,,5.8,12.226105,113.2,19 / 23,448504,2022-07-15 14:09:27:571
-0.4516,2.5747,6.5611,-0.7307,0.3488,9.7732,0.867,0.473,-0.5489,0.0662,-0.2917,-0.0441,67482.99,-24.21,-0.34,-38.96,82.9,-5.03,3.55,5,996.14,56.624,46.166157,15.864527,718.47,NaN,,5.62,12.226105,103.9,19 / 23,449005,2022-07-15 14:09:28:072
-0.8273,0.1364,5.6495,-1.0338,0.9282,9.7077,0.5145,-1.5946,0.1707,0.3875,-0.3845,0.5334,67752.99,-23.78,2.06,-39.9,78.9,-5.43,6.08,5,996.16,51.313,46.166157,15.864527,718.47,NaN,,5.62,12.226105,103.9,19 / 23,449505,2022-07-15 14:09:28:572
-1.2108,0.9996,8.4909,-0.5911,0.1075,9.7882,0.1872,1.0177,-1.8766,-0.2527,-0.1169,-0.298,67527,-24.32,2.21,-39.68,84.21,-1.02,3.6,5,996.17,58.425,46.166157,15.864548,717.02,NaN,,5.83,12.226105,91.6,19 / 23,450005,2022-07-15 14:09:29:072
0.5838,0.9159,6.6233,-1.8507,0.4886,9.618,-0.8871,-1.2949,3.3459,0.5105,-0.356,0.5537,64877.02,-22.05,1.93,-40.35,79.14,-5.98,11.18,5,996.17,53.576,46.166157,15.864548,717.02,NaN,,5.83,12.226105,91.6,19 / 23,450504,2022-07-15 14:09:29:571
-1.1366,0.2955,7.7121,-0.8768,0.0486,9.7673,-1.0872,-1.1309,1.8999,-0.1422,0.0893,0.1891,67870.984,-24.04,4.07,-39.86,75.09,-4.43,3.18,5,996.14,61.762,46.166157,15.86457,716.55,NaN,,5.62,12.226105,87.7,19 / 23,451005,2022-07-15 14:09:30:072
0.8728,1.1103,7.1545,-1.0842,1.4242,9.6419,-1.3171,-1.5911,3.1315,0.3039,0.1265,0.7614,67761.02,-22.54,4.88,-40.73,69.78,-7.16,5.15,5,996.23,65.047,46.166157,15.86457,716.55,NaN,,5.62,12.226105,87.7,19 / 23,451505,2022-07-15 14:09:30:572
-0.6431,-0.1938,9.7813,-0.8797,0.1899,9.7653,-0.4996,-0.9203,2.6158,-0.2091,0.1518,-0.2418,67117.01,-22.31,4.52,-40.26,71.88,-4.54,3.7,5,996.21,56.468,46.16616,15.86459,716.47,NaN,,5.65,12.226105,84.1,19 / 23,452004,2022-07-15 14:09:31:071
0.5438,0.2225,11.3234,-1.3494,0.9763,9.6642,-2.0833,0.6189,1.7754,-0.3052,-0.0743,0.9961,66962.98,-20.87,5.33,-41.01,67.81,-7.61,5.4,5,996.23,54.581,46.16616,15.86459,716.47,NaN,,5.65,12.226105,84.1,19 / 23,452504,2022-07-15 14:09:31:571
-0.4481,1.0032,8.793,-0.2632,1.0287,9.749,0.5025,1.2879,0.1327,-0.4284,-0.1386,-0.9878,64737.023,-21.9,5.7,-40.87,61.05,-10.5,2.58,5,996.25,58.196,46.166164,15.86461,715.35,NaN,,5.72,12.226105,80,19 / 23,453004,2022-07-15 14:09:32:071
-0.5288,0.2596,14.5789,-0.9377,1.3798,9.6637,-2.3794,-0.146,1.595,0.4387,0.5638,0.9675,66450.984,-23.76,5.63,-40.2,67.64,-6.65,2.15,5,996.2,55.793,46.166164,15.86461,715.35,NaN,,5.72,12.226105,80,19 / 23,453505,2022-07-15 14:09:32:572
-0.6449,0.3661,12.8507,-0.8647,0.6394,9.7475,1.9176,-0.0329,3.0531,-0.5095,0.6657,-0.6834,65499.035,-22.39,8.33,-40.11,59.99,-8.75,2.81,5,996.21,55.189,46.16617,15.864631,716.04,NaN,,6.01,12.226105,75,19 / 23,454005,2022-07-15 14:09:33:072
-1.6128,1.1521,10.9095,-1.6479,1.1223,9.6018,-1.0784,0.0951,1.5053,-0.4271,0.2345,0.2518,66890.01,-21.17,10.52,-40.41,61.7,-2.94,4.45,5,996.25,56.418,46.16617,15.864631,716.04,NaN,,6.01,12.226105,75,19 / 23,454505,2022-07-15 14:09:33:572
-1.928,-0.1801,12.8255,-0.7431,1.1628,9.7091,0.7026,-0.5498,0.284,0.1833,-0.1655,-0.302,66142.984,-16.24,13.33,-41.72,48.63,-6.43,5.29,5,996.13,58.576,46.166176,15.864651,716.22,NaN,,5.94,12.226105,63.3,19 / 23,455005,2022-07-15 14:09:34:072
-3.1711,2.1619,11.4042,-1.3034,0.9755,9.6706,-1.4647,0.0578,1.2292,0.0603,0.0106,0.1011,66692.03,-16.26,14.01,-40.87,49.94,-3.82,5.32,5,996.18,58.171,46.166176,15.864651,716.22,NaN,,5.94,12.226105,63.3,19 / 23,455505,2022-07-15 14:09:34:572
-1.416,-0.5838,12.1609,-0.6306,0.6606,9.764,0.4597,-1.3702,2.0354,0.0787,-0.0069,-0.3335,67813,-17.68,15.34,-40.12,47.49,-5.67,3.58,5,996.12,63.92,46.166183,15.864668,716.06,NaN,,5.76,12.226105,57.1,18 / 22,456004,2022-07-15 14:09:35:071
-2.9198,0.9649,10.6187,-1.0265,0.6983,9.7277,-0.4166,1.3823,-2.0685,0.2979,0.4198,0.6691,66574.984,-17.76,15.71,-39.84,52.38,-0.89,5.17,5,996.12,66.379,46.166183,15.864668,716.06,NaN,,5.76,12.226105,57.1,18 / 22,456504,2022-07-15 14:09:35:571
-0.4038,0.3888,11.6034,-0.6267,1.2086,9.7117,0.6084,-0.1043,-1.5308,0.1109,-0.2676,-0.2583,65250.023,-16.28,15.38,-40.91,47.3,-6.33,6.87,5,996.03,68.009,46.16619,15.864684,715.36,NaN,,5.51,12.226105,54.2,18 / 22,457006,2022-07-15 14:09:36:073
-2.1529,1.5236,10.6899,-1.0036,1.1302,9.6895,0.1878,1.6289,-1.8742,0.0103,-0.082,-0.8114,63441.023,-16.56,13.11,-40.99,52.09,-4.76,5.44,5,996.09,69.965,46.16619,15.864684,715.36,NaN,,5.51,12.226105,54.2,18 / 22,457505,2022-07-15 14:09:36:572
-1.2341,-0.1657,9.932,-0.7007,1.1507,9.7137,-0.0466,-0.6447,-1.1653,0.1954,-0.308,-0.69,65293.973,-17.53,10.01,-41.89,58.99,-5.12,6.27,5,996.14,46.094,46.1662,15.864701,716.34,NaN,,5.54,12.226105,55.9,18 / 23,458004,2022-07-15 14:09:37:071
-1.8945,2.0818,8.601,-1.1528,0.2535,9.7354,0.5542,2.1085,-3.0582,0.3566,0.0503,0.0316,66720.984,-19.12,5.91,-41.64,73.21,-1.62,6.45,5,996.18,49.988,46.1662,15.864701,716.34,NaN,,5.54,12.226105,55.9,18 / 23,458504,2022-07-15 14:09:37:571
-1.6038,1.0475,9.3009,-0.8888,1.1622,9.6969,-0.0516,-1.0495,-3.3527,0.3794,-0.555,-0.057,62723.973,-17.31,3.73,-42.77,71.84,-5.44,9.15,5,996.19,52.615,46.166206,15.864719,716.94,NaN,,5.47,12.226105,70.1,19 / 23,459005,2022-07-15 14:09:38:072
0.1364,3.4062,8.8164,-0.8899,0.7557,9.7369,-1.7738,-0.1178,-3.3393,0.0816,-0.4158,-0.1001,62950.977,-19.86,-2.38,-41.04,87.15,-4.8,6.58,5,996.1,55.744,46.166206,15.864719,716.94,NaN,,5.47,12.226105,70.1,19 / 23,459504,2022-07-15 14:09:38:571
-0.8243,1.2407,6.6413,-1.038,0.9944,9.7007,1.0847,-0.2948,0.1665,0.6822,-0.6022,-0.1145,65843.016,-20.85,-3.32,-40.82,87.91,-5.82,6.11,5,996.17,55.986,46.166206,15.864738,717.9,NaN,,5.58,12.226105,88.2,19 / 23,460005,2022-07-15 14:09:39:072
-0.0939,1.6223,8.6842,-0.4188,1.2709,9.7149,0.4727,0.1391,-1.2563,0.4165,0.0728,-0.0435,67021.97,-22.18,-6.13,-39.43,91.82,-7.92,3.8,5,996.19,60.901,46.166206,15.864738,717.9,NaN,,5.58,12.226105,88.2,19 / 23,460504,2022-07-15 14:09:39:571
-0.3757,2.2971,5.4317,-0.422,2.2916,9.5258,1.1025,0.1333,-1.6571,-0.0866,-0.0345,-0.2078,69678.97,-22.71,-10.14,-37.91,92.77,-13.39,2.86,5,996.21,55.798,46.166203,15.86476,718.4,NaN,,5.94,12.226105,95.9,19 / 23,461004,2022-07-15 14:09:40:071
-1.0469,1.8138,7.2532,-0.1109,1.6804,9.661,-0.1091,0.3726,-1.3475,-0.1394,-0.0414,-0.076,70074.99,-23.7,-10.58,-37.28,101.31,-9.25,1.84,5,996.12,53.612,46.166203,15.86476,718.4,NaN,,5.94,12.226105,95.9,19 / 23,461505,2022-07-15 14:09:40:572
-0.6215,0.2901,8.2098,-0.6755,1.6039,9.651,-1.3165,-0.8527,3.544,0.28,-0.158,0.2098,68361.03,-22.61,-9.62,-38.1,98.72,-9.41,4,5,996.19,55.154,46.1662,15.864782,718.46,NaN,,5.94,12.226105,100,20 / 23,462004,2022-07-15 14:09:41:071
0.1029,0.7567,8.8935,-0.3456,1.3739,9.7038,-0.4696,-1.0094,3.079,0.4743,-0.098,0.0401,70294.03,-24.06,-9.28,-37.71,94.03,-10.9,1.11,5,996.16,57.564,46.1662,15.864782,718.46,NaN,,5.94,12.226105,100,20 / 23,462506,2022-07-15 14:09:41:573
-0.067,0.929,6.5874,-0.7314,1.5534,9.6552,-2.4319,-0.8223,1.9674,-0.0123,-0.0987,0.4154,67446,-22.86,-9.41,-37.91,95.02,-10.46,3.45,5,996.19,61.788,46.1662,15.864804,719.08,NaN,,5.9,12.226105,103.5,20 / 23,463006,2022-07-15 14:09:42:073
0.9039,0.5868,8.5202,-0.7179,0.9096,9.738,0.1924,-0.6384,2.3221,0.2532,0.0515,0.0744,70704.02,-22.5,-9.08,-38.48,102.31,-5.84,2.81,5,996.23,60.213,46.1662,15.864804,719.08,NaN,,5.9,12.226105,103.5,20 / 23,463505,2022-07-15 14:09:42:572
-0.1298,1.4554,8.3761,-1.3883,1.1593,9.6384,-2.2135,0.9524,1.8669,0.1646,-0.5006,0.4317,64927.99,-18.3,-10.24,-39.73,103.28,-6.79,8.2,5,996.23,56.928,46.16619,15.864825,719.43,NaN,,6.01,12.226105,110.5,19 / 22,464005,2022-07-15 14:09:43:072
-0.8267,0.6,10.1019,-0.7967,1.4479,9.6664,1.0261,0.2666,1.3025,0.0223,-0.0777,-0.1261,67497.03,-20.08,-8.89,-39.49,95.27,-10.39,4.49,5,996.18,57.616,46.16619,15.864825,719.43,NaN,,6.01,12.226105,110.5,19 / 22,464505,2022-07-15 14:09:43:572
-2.0351,1.2604,12.5839,-1.1159,1.785,9.5781,-1.2087,0.2986,1.0774,-0.1198,-0.125,0.4826,68727.016,-21.06,-10.87,-38.94,98.81,-10.94,5.3,5,996.18,60.6,46.166183,15.864844,719.74,NaN,,5.83,12.226105,116.3,18 / 22,465005,2022-07-15 14:09:44:072
0.5916,1.1001,9.5791,-0.6258,1.0215,9.7332,1.4032,-0.6027,2.7628,-0.7227,0.2951,-0.7825,69928.99,-22.67,-9.69,-38.27,96.36,-11.03,2.71,5,996.2,65.391,46.166183,15.864844,719.74,NaN,,5.83,12.226105,116.3,18 / 22,465505,2022-07-15 14:09:44:572
-1.2221,1.0684,11.6279,-1.0459,1.9051,9.5628,-1.5404,-0.3007,2.8062,-0.3057,-0.4232,0.4394,68317.97,-21.39,-9.79,-39.71,95.72,-11.2,6.24,5,996.15,60.559,46.166176,15.864863,720.59,NaN,,5.9,12.226105,115.6,18 / 22,466005,2022-07-15 14:09:45:072
0.929,1.2114,11.8911,-0.3133,1.3894,9.7027,-0.3111,-1.216,3.5319,0.2113,-0.2256,-0.1932,70001.016,-22.63,-9.6,-39.23,98.82,-9.18,2.19,5,996.18,58.194,46.166176,15.864863,720.59,NaN,,5.9,12.226105,115.6,18 / 22,466505,2022-07-15 14:09:45:572
-2.0387,1.3089,10.4758,-1.1009,1.026,9.6905,-2.2151,-0.3476,2.9741,0.006,0.7393,0.1404,69153.01,-23.04,-9.75,-39,101.72,-7.29,2.23,5,996.15,63.042,46.166172,15.864883,721.22,NaN,,6.01,12.226105,114.3,18 / 22,467005,2022-07-15 14:09:46:072
0.3637,-0.3661,13.1557,-0.327,0.804,9.7682,-0.1839,-0.7387,3.1391,-0.1615,0.1082,-0.3273,69460,-21.51,-8.36,-38.94,96.59,-7.88,1.29,5,996.17,56.965,46.166172,15.864883,721.22,NaN,,6.01,12.226105,114.3,18 / 22,467505,2022-07-15 14:09:46:572
0.2142,1.7198,11.9551,-0.4461,0.9081,9.7543,-1.099,1.2646,-0.2917,0.1443,0.1374,0.9681,70368.01,-21.21,-8.53,-39.56,103.2,-5.31,2.62,5,996.13,57.017,46.16617,15.864903,721.28,NaN,,6.01,12.226105,114.5,19 / 22,468004,2022-07-15 14:09:47:071
-0.198,1.4363,10.2018,-0.3768,1.834,9.6263,-0.0102,-0.2123,-0.4286,0.0336,0.0158,-0.2173,70492.01,-21.81,-8.27,-39.19,92.44,-10.34,1.55,5,996.22,58.488,46.16617,15.864903,721.28,NaN,,6.01,12.226105,114.5,19 / 22,468504,2022-07-15 14:09:47:571
-2.2935,1.276,12.061,-0.8866,1.4003,9.6656,-1.3597,0.4976,0.815,0.2276,0.03,-0.0792,69620.984,-21.32,-10.33,-39.19,105.89,-5.34,2.21,5,996.08,60.219,46.16616,15.864923,721.44,NaN,,6.01,12.226105,115.2,19 / 22,469004,2022-07-15 14:09:48:071
1.4291,0.734,12.1735,-0.4197,1.0054,9.7459,0.4065,-0.8057,1.9922,0.233,0.0305,-0.3686,71107,-21.13,-8.14,-39.49,100.26,-5.83,2.41,5,996.21,57.182,46.16616,15.864923,721.44,NaN,,6.01,12.226105,115.2,19 / 22,469505,2022-07-15 14:09:48:572
-2.9456,0.792,13.1414,-0.3492,0.6517,9.7787,0.3236,1.6222,-2.1892,0.4138,0.4195,0.1161,68492.99,-23.87,-8.78,-39.84,104.09,-3.81,2.05,5,996.12,60.9,46.166153,15.864944,721.07,NaN,,6.08,12.226105,114.9,20 / 22,470005,2022-07-15 14:09:49:072
0.3978,0.5803,10.0253,-0.4516,1.5534,9.6723,-0.0717,-0.6056,-1.5178,0.2972,-0.0502,0.0037,70191.97,-31.46,-11.59,-38.49,103.15,-6.55,4.02,5,996.18,59.604,46.166153,15.864944,721.07,NaN,,6.08,12.226105,114.9,20 / 22,470505,2022-07-15 14:09:49:572
-2.0399,2.6207,8.7051,-0.3384,1.3746,9.7039,-0.6645,1.6296,-1.7186,0.171,-0.0547,-0.2326,69731.016,-31.88,-15.06,-37.44,109.34,-5.25,1.87,5,996.15,57.972,46.166145,15.864964,722.11,NaN,,5.87,12.226105,112.8,20 / 22,471005,2022-07-15 14:09:50:072
-0.0712,-0.2758,12.8046,-0.12,1.5236,9.6868,0.4721,0.1894,-0.82,0.0076,0.0048,-0.0237,71428.98,-28.03,-14.59,-37.74,106.43,-9.68,1.29,5,996.14,53.522,46.166145,15.864964,722.11,NaN,,5.87,12.226105,112.8,20 / 22,471504,2022-07-15 14:09:50:571
-1.0445,1.5601,11.7434,0.2603,1.1274,9.7382,-0.5559,0.8405,-2.8379,0.1882,-0.1658,-0.2503,70733.99,-27.45,-13.46,-37.5,108.26,-6.6,-1.53,5,996.14,55.925,46.16614,15.864984,723.27,NaN,,5.94,12.226105,112.5,20 / 23,472005,2022-07-15 14:09:51:072
0.0766,0.9757,10.0983,0.0917,1.3084,9.7185,-0.0915,0.0371,-3.4598,0.2594,-0.4644,0.0514,70564.98,-24.3,-12.6,-37.89,109.23,-6.3,2.09,5,996.13,58.36,46.16614,15.864984,723.27,NaN,,5.94,12.226105,112.5,20 / 23,472504,2022-07-15 14:09:51:571
-0.6179,2.9581,7.0953,0.2447,0.7562,9.7744,-0.1757,0.9922,-3.0919,0.2578,-0.1658,-0.1782,71934.01,-23.44,-11.36,-38.23,112.4,-2.37,-0.25,5,996.09,59.474,46.166138,15.865005,723.13,NaN,,5.8,12.226105,118,20 / 22,473004,2022-07-15 14:09:52:071
-0.7214,0.8572,6.1173,-0.2484,0.9844,9.754,0.9666,-0.2669,-1.6293,0.1182,-0.0311,0.2365,72081.02,-22.69,-11.25,-38.42,106.7,-5.76,1.46,5,996.1,59.903,46.166138,15.865005,723.13,NaN,,5.8,12.226105,118,20 / 22,473504,2022-07-15 14:09:52:571
-0.5533,2.8738,8.327,-0.2042,0.5581,9.7886,0.0859,-1,-0.3946,0.1969,-0.4387,-0.1215,70176.984,-21.11,-11.1,-38.89,111.95,-3.26,1.2,5,996.12,55.804,46.166126,15.865025,723.55,NaN,,5.87,12.226105,119.6,20 / 22,474005,2022-07-15 14:09:53:072
-0.6855,1.2748,7.7845,-0.644,0.736,9.7578,-2.2136,-0.8964,-2.9617,-0.1517,0.0602,0.8354,71919.97,-20.36,-12.75,-38.36,114.02,-4.8,3.3,5,996.1,71.24,46.166126,15.865025,723.55,NaN,,5.87,12.226105,119.6,20 / 22,474505,2022-07-15 14:09:53:572
0.6903,0.9446,8.074,0.1089,0.7385,9.7782,0.5107,-0.2093,-0.8521,0.1325,-0.0768,-0.0564,70938.99,-22.14,-10.65,-38.34,112.03,-2.84,0.83,5,996.09,51.154,46.16612,15.865045,724.59,NaN,,5.69,12.226105,119.4,20 / 22,475005,2022-07-15 14:09:54:072
0.9906,2.0315,6.5575,-0.5665,0.6646,9.7677,-1.8731,-0.5921,0.1513,0.4116,-0.2892,0.7276,70931.98,-18.68,-10.87,-39.53,111.4,-3.89,3.32,5,996.09,48.807,46.16612,15.865045,724.59,NaN,,5.69,12.226105,119.4,20 / 22,475504,2022-07-15 14:09:54:571
0.5198,1.3496,6.7573,-0.4824,0.6153,9.7754,-0.6756,-0.5775,1.4113,0.0932,-0.0748,0.2066,71721.99,-23.16,-12.58,-38.29,113.23,-3.6,2.82,5,996.14,53.235,46.16611,15.865064,725.11,NaN,,5.76,12.226105,119,20 / 22,476004,2022-07-15 14:09:55:071
-1.1545,0.6461,6.3272,-0.7941,1.5605,9.6491,-0.3836,-0.7646,0.099,0.6316,-0.2437,0.5585,69268.98,-20.92,-11.53,-39.51,108.13,-6.02,4.74,5,996.16,62.182,46.16611,15.865064,725.11,NaN,,5.76,12.226105,119,20 / 22,476505,2022-07-15 14:09:55:572
0.3781,0.8824,9.9272,-0.5713,0.2127,9.7877,0.4844,0.8584,0.7999,-0.4902,-0.1875,-0.225,68448.984,-20.96,-12.22,-38.91,111.51,-4.21,3.53,5,996.23,59.829,46.166103,15.865085,725.52,NaN,,6.01,12.226105,115.7,19 / 22,477005,2022-07-15 14:09:56:072
-1.0313,0.4857,8.1607,-0.1081,1.5695,9.6796,-1.145,-0.2142,4.3658,-0.1039,-0.3968,0.3945,68662.016,-19.12,-11.08,-39.56,103,-9.21,0.64,5,996.17,58.592,46.166103,15.865085,725.52,NaN,,6.01,12.226105,115.7,19 / 22,477504,2022-07-15 14:09:56:571
0.5222,1.1904,8.6261,-0.2005,0.7867,9.773,0.7416,0.1086,1.9743,-0.7154,0.1173,-0.6684,72724.98,-25.28,-14.61,-37.01,115.03,-4.6,1.18,5,996.22,58.485,46.1661,15.865104,726.04,NaN,,5.69,12.226105,118.8,20 / 23,478004,2022-07-15 14:09:57:071
1.0546,0.9015,8.8493,-0.4295,0.6784,9.7737,-0.4531,-1.0103,4.0492,0.0832,-0.1449,0.5923,71173.016,-20.03,-11.92,-38.53,111.42,-5.22,2.41,5,996.18,59.205,46.1661,15.865104,726.04,NaN,,5.69,12.226105,118.8,20 / 23,478504,2022-07-15 14:09:57:571
-1.1037,-0.0185,11.2116,-0.7941,0.6315,9.754,0.5591,0.0538,0.8958,-0.7837,0.286,-0.6271,69423.01,-20.59,-10.99,-38.93,102.98,-8.34,3.99,5,996.19,61.713,46.166092,15.865122,725.61,NaN,,5.69,12.226105,120.1,20 / 23,479005,2022-07-15 14:09:58:072
-3.7639,-1.5858,14.1667,-0.7841,1.2421,9.696,-1.4732,0.4768,2.5775,0.2527,-0.171,0.7639,68038.99,-17.33,-12.28,-39.64,109.21,-7.28,4.62,5,996.19,64.801,46.166092,15.865122,725.61,NaN,,5.69,12.226105,120.1,20 / 23,479505,2022-07-15 14:09:58:572
2.3246,0.4193,12.1041,-0.4069,0.7609,9.7686,0.4474,-0.2028,1.6088,-0.2715,0.1512,-0.4784,72702.97,-20.94,-12.22,-38.19,111.93,-4.45,2.38,5,996.18,59.545,46.166084,15.86514,724.76,NaN,,5.76,12.226105,121.6,21 / 23,480005,2022-07-15 14:09:59:072
-3.6179,-0.7298,12.4295,-1.1122,1.213,9.6676,0.2675,0.8437,2.0286,0.1008,0.88,-0.0666,67050.99,-19.44,-11.31,-39.6,106.79,-6.64,3.41,5,996.2,55.892,46.166084,15.86514,724.76,NaN,,5.76,12.226105,121.6,21 / 23,480504,2022-07-15 14:09:59:571
1.1521,1.0355,11.6519,-0.4132,1.1732,9.7275,0.4803,0.0129,1.4594,-0.1975,-0.0887,-0.721,69877.016,-17.04,-12.77,-39.66,109.26,-9.32,2.14,5,996.16,57.041,46.166077,15.865159,725.23,NaN,,5.72,12.226105,120.9,21 / 23,481004,2022-07-15 14:10:00:071
-1.9896,0.743,11.5986,-0.684,1.3909,9.6834,-0.5521,1.1292,0.9205,-0.2763,0.0186,0.3675,70602.03,-17.76,-14.14,-38.83,112.37,-8.15,4.04,5,996.2,66.445,46.166077,15.865159,725.23,NaN,,5.72,12.226105,120.9,21 / 23,481505,2022-07-15 14:10:00:572
1.1037,-0.481,12.7514,-0.3133,1.2102,9.7266,0.3278,-0.0564,0.1351,0.3322,-0.2122,-0.0983,70542.97,-19.5,-10.93,-39.68,106.63,-7.09,1.84,5,996.12,62.001,46.166065,15.865178,725.67,NaN,,5.76,12.226105,123.1,20 / 22,482004,2022-07-15 14:10:01:071
-2.8564,0.2806,11.8211,-0.7143,0.9025,9.7389,0.645,1.2137,1.8778,-0.3001,0.2892,-0.3894,70024.03,-20.14,-10.54,-40.57,111.03,-4.05,1.56,5,996.18,55.665,46.166065,15.865178,725.67,NaN,,5.76,12.226105,123.1,20 / 22,482504,2022-07-15 14:10:01:571
0.7561,-0.1974,12.8363,-0.0514,1.1326,9.7409,0.6795,-0.529,0.0075,-0.138,-0.2276,-0.3726,70381.984,-18.84,-9.83,-42.19,102.75,-7.49,1.2,5,996.09,54.598,46.166058,15.865197,726.48,NaN,,5.98,12.226105,123.3,20 / 22,483005,2022-07-15 14:10:02:072
-1.5829,1.2173,12.0377,-0.1351,1.1576,9.7371,-0.1887,1.0685,-2.4141,0.338,0.2372,0.2698,71590.03,-18.49,-12.83,-42.96,112.92,-6.78,0.8,5,996.13,68.18,46.166058,15.865197,726.48,NaN,,5.98,12.226105,123.3,20 / 22,483505,2022-07-15 14:10:02:572
-0.9434,0.9129,11.8618,-0.2722,1.52,9.6843,0.1238,-0.112,-2.4263,0.1668,-0.1024,0.0196,69026.984,-18.75,-13.01,-43.41,107.23,-8.92,1.61,5,996.14,64.372,46.166046,15.865214,726.47,NaN,,5.72,12.226105,124.2,21 / 23,484005,2022-07-15 14:10:03:072
-1.2311,2.1571,12.6036,0.9885,1.4309,9.6512,-0.1711,1.2187,-1.1953,0.4518,-1.3918,-0.8103,73413,-19.95,-14.85,-42.43,119.8,-5.39,-1.2,5,996.13,57.891,46.166046,15.865214,726.47,NaN,,5.72,12.226105,124.2,21 / 23,484504,2022-07-15 14:10:03:571
0.2824,2.4808,9.7502,0.0938,1.9568,9.609,-0.4361,-1.0433,-2.187,-0.0704,0.6844,0.2876,74592.97,-22.87,-18.6,-39.34,115.51,-11.51,-0.56,5,996.1,65.733,46.16604,15.86523,726.91,NaN,,5.72,12.226105,129.9,21 / 23,485004,2022-07-15 14:10:04:071
-1.55,3.1854,8.0237,-0.6034,0.7646,9.7582,0.0088,0.6951,-2.5147,-0.2282,0.054,-0.285,68515,-18.53,-15.38,-40.03,119.11,-4.47,3.54,5,996.19,60.546,46.16604,15.86523,726.91,NaN,,5.72,12.226105,129.9,21 / 23,485504,2022-07-15 14:10:04:571
0.0317,1.0923,9.2692,-1.167,1.6076,9.6033,0.1029,-1.3236,-3.7588,0.5831,0.0226,0.7478,68983.99,-18.45,-13.35,-39.84,106.38,-9.44,6.93,5,996.17,63.11,46.166027,15.865247,727.25,NaN,,5.87,12.226105,128.2,20 / 22,486006,2022-07-15 14:10:05:073
-1.5332,2.7745,9.0754,-0.8343,1.0635,9.713,0.3586,1.1489,-2.3837,0.5231,-0.1977,-0.1878,66369.984,-18.17,-12.32,-40.03,115.84,-2.19,5.5,5,996.18,63.185,46.166027,15.865247,727.25,NaN,,5.87,12.226105,128.2,20 / 22,486506,2022-07-15 14:10:05:573
0.2177,1.3208,7.3854,-0.8693,1.4457,9.6605,0.7179,0.1497,-2.3027,0.2843,-0.0354,0.2597,68479.02,-18.26,-13.71,-39.26,111.31,-8.48,5.14,5,996.18,60.815,46.16602,15.865264,727.55,NaN,,5.72,12.226105,122.6,20 / 22,487004,2022-07-15 14:10:06:071
-0.7167,1.9657,7.3238,-0.4692,0.5553,9.7797,0.1848,0.1892,-1.4768,0.2806,-0.1742,-0.2514,68720,-21.28,-12.88,-39.37,115.37,-3.25,2.75,5,996.19,63.865,46.16602,15.865264,727.55,NaN,,5.72,12.226105,122.6,20 / 22,487504,2022-07-15 14:10:06:571
0.3296,1.6917,7.0211,-1.3742,1.4511,9.6008,0.6544,-0.7625,-2.0106,-0.3251,0.5412,0.2663,70008.98,-19.31,-14.23,-39.13,109.32,-8.51,8.15,5,996.18,63.397,46.16601,15.865281,727.52,NaN,,5.65,12.226105,124.9,21 / 23,488006,2022-07-15 14:10:07:073
-1.0319,2.1009,7.59,-0.9809,-0.1131,9.7568,-0.2956,0.4963,-2.3889,-0.5543,0.0128,-0.3215,67117.01,-16.43,-12.88,-39.51,121.13,-1.62,5.44,5,996.16,65.517,46.16601,15.865281,727.52,NaN,,5.65,12.226105,124.9,21 / 23,488506,2022-07-15 14:10:07:573
-0.8859,0.149,6.6909,-1.6387,1.0277,9.614,-1.0805,-1.3663,0.9993,0.3574,0.0026,0.409,66465.02,-13.89,-11.01,-41.77,108.17,-6.02,9.67,5,996.17,70.004,46.166004,15.865298,727.42,NaN,,5.8,12.226105,126.1,21 / 23,489005,2022-07-15 14:10:08:072
-2.0028,0.944,6.28,-1.3678,0.8075,9.6772,0.2671,-0.1243,1.2086,-0.1801,0.0652,-0.1739,73998.97,-15.36,-14.31,-39.79,117.98,-4.72,8.04,5,996.2,70.13,46.166004,15.865298,727.42,NaN,,5.8,12.226105,126.1,21 / 23,489505,2022-07-15 14:10:08:572
-1.2185,0.0867,9.6108,-1.5553,1.0182,9.6288,-0.2815,-0.2884,-1.1844,-0.0683,0.1432,0.4229,12186.99,-14.16,-12.17,-40.82,111.37,-5.96,9.18,5,996.22,66.153,46.165997,15.865316,727.88,NaN,,6.05,12.226105,126.6,21 / 23,490004,2022-07-15 14:10:09:071
-2.3713,-0.1603,7.4435,-0.8587,-4.00E-04,9.769,0.6253,0.1399,-0.672,-0.37,-0.0586,-0.4959,20847.982,-17.47,-12.24,-40.12,115.12,-3.28,5.72,5,996.21,65.191,46.165997,15.865316,727.88,NaN,,6.05,12.226105,126.6,21 / 23,490507,2022-07-15 14:10:09:574
-0.9553,0.7705,8.0638,-1.5763,1.0641,9.6205,-1.1405,-1.1561,1.6156,0.5182,0.1575,0.6962,11164.973,-16.39,-11.81,-40.03,109.6,-6.23,9.31,5,996.24,61.879,46.16599,15.865333,728.79,NaN,,5.83,12.226105,125.1,21 / 23,491005,2022-07-15 14:10:10:072
0.1765,1.7904,11.4425,-0.1613,1.7374,9.6502,0.9436,0.7455,2.6984,-0.219,-0.4049,-0.4662,14852.972,-18.77,-16.28,-37.09,115.24,-10.2,0.96,5,996.28,57.905,46.16599,15.865333,728.79,NaN,,5.83,12.226105,125.1,21 / 23,491506,2022-07-15 14:10:10:573
-0.7065,1.8407,11.2044,-0.4264,2.0536,9.5797,-0.2186,-0.3707,2.2979,-0.3317,-0.2272,0.3689,36718.99,-19.31,-17.72,-36.43,116.47,-12.09,2.55,5,996.13,67.31,46.16598,15.865351,728.62,NaN,,5.83,12.226105,122.8,21 / 23,492006,2022-07-15 14:10:11:073
2.3264,1.9962,8.7117,-0.3138,1.5764,9.674,0.408,-1.2274,4.5692,-0.9454,0.1972,-0.4053,49441.996,-20.74,-16.67,-36.11,108.03,-15.05,2.23,5,996.28,63.192,46.16598,15.865351,728.62,NaN,,5.83,12.226105,122.8,21 / 23,492505,2022-07-15 14:10:11:572
-1.3974,2.5699,9.3847,-0.2258,3.1136,9.2965,-2.0382,0.7681,1.0852,-0.4977,-0.0124,0.4451,77915.99,-19.56,-19.63,-35.16,111.02,-18.51,1.39,5,996.24,64.429,46.16597,15.865368,728.34,NaN,,5.72,12.226105,126.4,21 / 23,493006,2022-07-15 14:10:12:073
0.6144,0.4152,13.7013,0.2345,1.8022,9.6368,0.047,-0.2389,1.825,-0.1675,-0.1165,-0.1559,75323.99,-22.12,-17.76,-35.18,117.84,-10.59,-1.39,5,996.3,70.209,46.16597,15.865368,728.34,NaN,,5.72,12.226105,126.4,21 / 23,493505,2022-07-15 14:10:12:572
-0.9811,2.4185,11.0028,-0.6201,1.527,9.6672,-1.8052,-0.1085,1.7146,0.0971,0.6374,0.7432,73501.02,-20.25,-15.54,-36.99,114.67,-8.96,3.67,5,996.28,64.092,46.16596,15.865384,727.85,NaN,,5.83,12.226105,132.1,20 / 23,494006,2022-07-15 14:10:13:073
-1.3238,-0.6933,14.6477,-0.4962,1.2003,9.7203,-0.0137,0.4456,2.1032,-0.3377,-0.0742,-0.2671,73508.984,-20.55,-14.36,-37.33,107.41,-10.89,1.35,5,996.32,61.299,46.16596,15.865384,727.85,NaN,,5.83,12.226105,132.1,20 / 23,494506,2022-07-15 14:10:13:573
-0.6981,1.7623,12.7125,-0.4319,1.5635,9.6716,-0.2747,1.0922,-0.4386,-0.3093,0.0825,0.5392,70580.03,-20.06,-14.55,-37.54,112.32,-9.17,2.56,5,996.27,66.209,46.16595,15.8654,727.39,NaN,,5.76,12.226105,132.8,19 / 22,495006,2022-07-15 14:10:14:073
0.5318,1.9394,12.7801,-0.3088,1.7619,9.6421,-0.3019,0.1006,-0.5653,-0.01,0.111,0.3558,72460.984,-21.58,-12.71,-36.66,105.14,-10.35,1.83,5,996.33,64.913,46.16595,15.8654,727.39,NaN,,5.76,12.226105,132.8,19 / 22,495506,2022-07-15 14:10:14:573
-1.9531,0.527,9.5988,-1.0285,1.2124,9.6769,0.1372,-0.1913,-0.4444,-0.2886,0.2819,0.866,70595.016,-23.12,-7.11,-37.59,95.47,-7.1,6.07,5,996.23,68.752,46.165943,15.865416,726.84,NaN,,5.15,12.226105,128.7,19 / 22,496005,2022-07-15 14:10:15:072
-2.2624,1.3292,7.2772,-0.3507,2.325,9.5206,-0.4376,-0.9448,-1.0839,0.2831,-0.2927,-0.8674,66926.99,-22.82,2.53,-39.09,70,-8.42,1.01,5,996.21,71.94,46.165943,15.865416,726.84,NaN,,5.15,12.226105,128.7,19 / 22,496504,2022-07-15 14:10:15:571
-2.4209,2.2977,7.3484,-0.9583,0.9625,9.7121,-0.6292,-0.7678,1.0262,-0.1973,0.1106,0.1988,69495.98,-24.53,-1.46,-38.51,84.88,-5.63,5.64,5,996.27,69.998,46.165936,15.865429,726.78,NaN,,4.5,12.226105,114.8,20 / 23,497004,2022-07-15 14:10:16:071
-1.9597,1.1103,7.3597,-1.4172,1.5482,9.5794,1.6043,0.1929,1.992,-0.1436,-0.0916,0.6701,65396.027,-21.96,2.76,-40.33,72.51,-9.08,8.42,5,996.28,71.821,46.165936,15.865429,726.78,NaN,,4.5,12.226105,114.8,20 / 23,497505,2022-07-15 14:10:16:572
0.079,1.7157,8.8295,-0.6429,0.9359,9.7407,-0.6014,0.3137,-1.3903,0.1336,-0.3384,0.1342,69268.98,-20.78,6.98,-39.98,67.54,-4.79,5.19,5,996.29,73.939,46.165936,15.865447,725.72,NaN,,5.29,12.226105,92.5,20 / 23,498005,2022-07-15 14:10:17:072
-0.0335,1.1151,7.8221,-0.6763,1.3791,9.6856,-0.3942,-0.8596,4.2517,-0.3016,0.1398,0.3113,68018,-21.82,5.36,-39.81,61.02,-12.82,3.34,5,996.22,69.073,46.165936,15.865447,725.72,NaN,,5.29,12.226105,92.5,20 / 23,498504,2022-07-15 14:10:17:571
-0.7609,1.0582,7.3023,-0.2154,1.0538,9.7475,-0.1974,-0.9443,0.9059,0.0186,0.014,-0.0507,69063.98,-22.05,9.26,-38.87,55.16,-9.28,-0.26,5,996.25,65.38,46.165943,15.865466,725.79,NaN,,5.51,12.226105,81,20 / 23,499004,2022-07-15 14:10:18:071
0.4481,0.0455,10.7946,-0.6447,0.8146,9.7515,0.7123,0.1742,1.7415,-0.1,0.097,0.4736,68697.99,-20.87,9.9,-39.43,60.92,-4.77,3.78,5,996.27,72.488,46.165943,15.865466,725.79,NaN,,5.51,12.226105,81,20 / 23,499504,2022-07-15 14:10:18:571
0.4887,0.7161,7.8503,-0.4607,0.4099,9.7872,-0.2918,-1.39,1.6977,0.0305,0.2826,-0.2931,69306.03,-20.29,11.19,-39.79,56.94,-4.43,2.17,5,996.28,70.595,46.165947,15.865483,725.19,NaN,,5.83,12.226105,72.5,20 / 23,500005,2022-07-15 14:10:19:072
-0.7226,1.3065,9.8782,-0.7825,1.0879,9.7147,-1.275,0.5612,3.6042,0.3575,-0.1826,0.5278,68485.98,-19.78,9.32,-39.92,57.43,-6.72,1.73,5,996.23,62.701,46.165947,15.865483,725.19,NaN,,5.83,12.226105,72.5,20 / 23,500505,2022-07-15 14:10:19:572
1.1067,0.7825,10.3663,-0.4033,1.1155,9.7347,0.6754,0.5128,2.6209,-0.2784,0.3244,-0.1252,68296.03,-22.37,7.16,-39.3,60.11,-9.75,1.9,5,996.25,63.743,46.165955,15.865501,725.72,NaN,,5.94,12.226105,70.5,20 / 23,501005,2022-07-15 14:10:20:072
-2.3031,0.2429,12.8166,-0.6145,1.788,9.6227,-1.5735,0.4615,1.4848,0.2259,0.5856,0.5931,67702.98,-21.24,7.37,-39.69,57.82,-9.99,1.24,5,996.26,65.203,46.165955,15.865501,725.72,NaN,,5.94,12.226105,70.5,20 / 23,501504,2022-07-15 14:10:20:571
-0.2812,1.547,11.4562,-0.3768,1.2712,9.7166,0.5918,-0.3243,2.4613,-0.0828,-0.1371,-1.0702,63763,-18.96,7.14,-39.94,52.55,-12.6,1.66,5,996.22,72.155,46.16596,15.865518,725.99,NaN,,5.72,12.226105,69.1,20 / 23,502004,2022-07-15 14:10:21:071
-1.8353,2.2594,10.8873,-0.6488,1.7238,9.6321,-0.2089,1.581,-3.2695,-0.1184,0.0486,0.0529,63199.99,-18.39,4.95,-40.67,66.17,-6.66,5.06,5,996.2,63.187,46.16596,15.865518,725.99,NaN,,5.72,12.226105,69.1,20 / 23,502504,2022-07-15 14:10:21:571
-1.1312,1.5781,11.0273,-0.5954,1.7736,9.6265,0.1528,-0.0662,-2.4345,0.1086,-0.0809,-0.4969,63764.01,-18.54,3.88,-41.12,64.62,-9.54,4.4,5,996.17,59.08,46.16597,15.865534,726.18,NaN,,5.18,12.226105,74.6,20 / 23,503004,2022-07-15 14:10:22:071
0.9464,2.93,8.7882,-0.0996,2.055,9.5884,0.6728,-0.0153,-0.4633,0.4732,-0.1746,-0.1061,66698.98,-21.36,1.5,-39.71,70.7,-8.46,1.71,5,996.2,47.268,46.16597,15.865534,726.18,NaN,,5.18,12.226105,74.6,20 / 23,503505,2022-07-15 14:10:22:572
-0.3159,1.3633,9.3051,-0.252,1.0173,9.7505,0.6594,0.2001,-1.3562,-0.1324,0.0463,-0.3065,66537.99,-21.45,0.84,-39.92,77.2,-6,2.06,5,996.22,69.296,46.16597,15.865551,726.22,NaN,,5.33,12.226105,92.6,20 / 23,504005,2022-07-15 14:10:23:072
-2.3868,0.8405,7.3789,-1.0576,-0.4193,9.7404,-1.1035,0.288,-1.8424,-0.2961,0.4646,-0.1651,67130.98,-20.91,2.61,-40.43,82.39,-0.34,4.6,5,996.18,61.286,46.16597,15.865551,726.22,NaN,,5.33,12.226105,92.6,20 / 23,504505,2022-07-15 14:10:23:572
0.8883,1.4166,4.9513,-1.4324,1.2624,9.619,-0.5196,-2.2663,-1.8628,0.4662,-0.2825,0.5663,64181.03,-18.02,-0.22,-41.19,83.42,-4.62,11.27,5,996.21,60.618,46.165962,15.86557,726.01,NaN,,5.44,12.226105,109.6,20 / 23,505004,2022-07-15 14:10:24:071
-2.8092,1.8455,6.4965,-0.7834,0.3988,9.7672,-1.0717,0.262,-1.1641,0.1278,-0.5476,-0.6381,65791.984,-16.2,-6.41,-41.1,105.01,-0.71,6.55,5,996.16,57.06,46.165962,15.86557,726.01,NaN,,5.44,12.226105,109.6,20 / 23,505505,2022-07-15 14:10:24:572
0.9123,1.9406,6.8722,-1.1472,1.6948,9.5907,1.1415,-0.3158,-2.8368,0.2078,-0.0286,0.5428,64063.99,-15.75,-9.36,-40.37,100.5,-7.55,8.55,5,996.2,58.267,46.16596,15.86559,725.88,NaN,,5.69,12.226105,113.5,20 / 23,506004,2022-07-15 14:10:25:071
-0.4038,1.0265,6.4911,-0.9278,0.7691,9.7323,-1.5251,-0.5791,1.9437,-0.598,0.5282,-0.4575,65265.01,-17.12,-10.84,-39.32,105.46,-8.1,4.99,5,996.16,66.987,46.16596,15.86559,725.88,NaN,,5.69,12.226105,113.5,20 / 23,506505,2022-07-15 14:10:25:572
0.8949,1.3095,6.7149,-1.7321,0.6986,9.6272,-2.2321,-1.606,1.8959,-0.1573,0.277,0.7801,64890.996,-14.4,-9.66,-40.87,107.38,-5.46,8.84,5,996.25,59.161,46.16595,15.865609,725.95,NaN,,5.72,12.226105,120.9,20 / 23,507005,2022-07-15 14:10:26:072
-2.6542,0.2937,9.2806,-0.73,0.5735,9.7626,-0.2904,0.1391,1.5948,-0.8344,-0.0528,0.0502,67593.016,-24.45,-15.38,-38.19,108.06,-9.61,4.58,5,996.23,56.051,46.16595,15.865609,725.95,NaN,,5.72,12.226105,120.9,20 / 23,507505,2022-07-15 14:10:26:572
-2.6154,-1.0158,10.7318,-1.1496,1.1019,9.6765,1.1444,0.2692,-0.765,-0.2687,-0.4488,0.1856,66692.03,-25.74,-14.51,-37.52,109.5,-6.18,9.74,5,996.28,61.889,46.165943,15.865627,725.35,NaN,,6.19,12.226105,126.8,19 / 22,508005,2022-07-15 14:10:27:072
-0.9236,0.9488,9.0897,-0.993,0.7583,9.7267,0.0918,-0.4925,2.2412,-0.1153,0.0363,0.1124,67227.03,-22.05,-12.45,-37.8,103.99,-9.25,2.57,5,996.25,56.67,46.165943,15.865627,725.35,NaN,,6.19,12.226105,126.8,19 / 22,508504,2022-07-15 14:10:27:571
-2.1577,0.5474,10.3406,-1.7063,0.818,9.6224,0.2221,-0.6048,3.5374,-0.4114,-0.0076,0.4119,64489.03,-12.81,-10.35,-40.07,106.03,-6.54,10.21,5,996.27,65.7,46.16593,15.865645,724.45,NaN,,5.87,12.226105,125.5,20 / 22,509004,2022-07-15 14:10:28:071
-0.1017,-0.0239,9.6652,-0.1411,0.5303,9.7913,0.7674,0.203,2.2473,-0.9149,0.037,-0.7967,71413.99,-16.99,-10.84,-38.85,107.77,-7.73,1.17,5,996.21,61.171,46.16593,15.865645,724.45,NaN,,5.87,12.226105,125.5,20 / 22,509504,2022-07-15 14:10:28:571
-1.7623,0.2441,10.8449,-0.4208,1.1153,9.7339,-0.476,0.4136,2.0357,0.0358,-0.0926,0.1904,70974.97,-18.22,-11.55,-38.32,111.41,-6.53,2.48,5,996.26,61.701,46.16592,15.865664,724.3,NaN,,5.98,12.226105,122.9,20 / 22,510004,2022-07-15 14:10:29:071
-0.9356,-0.725,12.0293,0.1999,1.3696,9.7085,-0.1063,-0.4994,2.5176,-0.7282,0.6879,-0.329,74869.99,-19.37,-12.21,-36.88,106.34,-10.12,-1.92,5,996.26,61.753,46.16592,15.865664,724.3,NaN,,5.98,12.226105,122.9,20 / 22,510504,2022-07-15 14:10:29:571
-2.0782,-0.1735,16.0391,-0.553,1.0144,9.7384,-2.4416,-0.0076,3.3323,-0.0021,0.6652,0.2381,72812.99,-17.33,-12.24,-37.8,116.57,-6.05,-1.88,5,996.25,62.789,46.165913,15.865682,724.23,NaN,,5.9,12.226105,125.6,20 / 22,511004,2022-07-15 14:10:30:071
-1.544,-0.5551,13.7587,-0.4385,1.2177,9.7209,0.4407,-0.4764,1.7236,-0.102,0.2495,-0.604,73383.98,-17.53,-13.67,-37.18,108.36,-11.66,1.74,5,996.26,64.797,46.165913,15.865682,724.23,NaN,,5.9,12.226105,125.6,20 / 22,511505,2022-07-15 14:10:30:572
-2.2379,1.2185,15.1675,-0.3884,1.4621,9.6893,-0.1555,1.8004,-0.0622,0.1061,0.0441,0.0988,69474.984,-16.07,-14.19,-38.62,114.85,-8.57,2.3,5,996.23,61.474,46.165905,15.865699,723.83,NaN,,5.9,12.226105,127.5,21 / 23,512004,2022-07-15 14:10:31:071
0.201,1.0822,12.2273,-1.1786,1.7479,9.5774,1.0249,-0.4258,-0.7793,-0.3674,0.1772,-0.9019,68215.03,-14.57,-14.4,-39.07,111.9,-9.09,7.49,5,996.23,59.083,46.165905,15.865699,723.83,NaN,,5.9,12.226105,127.5,21 / 23,512504,2022-07-15 14:10:31:571
-3.8303,0.3081,14.5645,-0.9101,0.8887,9.7238,-1.1923,1.2316,0.0798,-0.197,0.0457,-0.122,68939.98,-12.3,-13.95,-38.93,128.97,-3.97,2.95,5,996.2,54.747,46.165894,15.865718,723.06,NaN,,6.01,12.226105,126,21 / 23,513005,2022-07-15 14:10:32:072
0.6975,0.749,11.4867,-0.5571,1.6743,9.6466,2.1783,0.1531,-1.2582,-0.0843,-0.2227,-0.5418,69196.01,-13.91,-12.22,-38.57,107.85,-9.36,5.85,5,996.25,58.933,46.165894,15.865718,723.06,NaN,,6.01,12.226105,126,21 / 23,513506,2022-07-15 14:10:32:573
-4.3196,0.9709,14.3282,-0.1821,1.1027,9.7428,-0.9613,1.6266,-2.8534,-0.0073,0.1843,-0.1872,71143.99,-12.77,-14.23,-38.01,125.19,-6.46,1.07,5,996.2,58.641,46.165882,15.865735,723.78,NaN,,5.76,12.226105,125.1,21 / 23,514005,2022-07-15 14:10:33:072
0.0491,0.6281,11.278,-1.0834,2.0604,9.5264,1.9142,-0.1793,-2.9322,0.1016,-0.1375,-0.3267,71040.984,-13.05,-15.58,-37.12,118.78,-10.56,6.02,5,996.21,65.968,46.165882,15.865735,723.78,NaN,,5.76,12.226105,125.1,21 / 23,514504,2022-07-15 14:10:33:571
-1.5206,3.2943,13.0271,-0.1177,1.6254,9.6703,-1.9528,1.7893,-2.0419,0.0342,-0.4154,-0.2082,72176,-12.81,-17.03,-36.58,133.1,-6.53,0.9,5,996.2,61.443,46.16587,15.865752,724.23,NaN,,5.94,12.226105,130.1,21 / 23,515006,2022-07-15 14:10:34:073
-0.9248,1.2718,12.35,-1.3811,2.065,9.4868,0.4188,-0.2272,-2.1875,0.0699,0.2587,0.0722,72835,-12.99,-17.87,-36.51,120.12,-11.81,8.1,5,996.19,67.897,46.16587,15.865752,724.23,NaN,,5.94,12.226105,130.1,21 / 23,515505,2022-07-15 14:10:34:572
-1.8712,2.6154,9.7627,-0.4,1.1704,9.7283,0.1451,-0.0924,-0.8652,0.283,-0.3971,-0.1972,70176.984,-12.54,-17.33,-36.92,130.81,-6.85,2.35,5,996.17,70.048,46.165863,15.865767,724.87,NaN,,5.69,12.226105,134.4,21 / 23,516004,2022-07-15 14:10:35:071
-0.7633,2.3916,5.9318,-0.965,1.8937,9.5736,0.7304,-0.8027,-3.3009,-0.0217,0.0263,0.1084,71282.98,-12.15,-18.17,-35.93,126.04,-9.86,7.01,5,996.15,68.941,46.165863,15.865767,724.87,NaN,,5.69,12.226105,134.4,21 / 23,516504,2022-07-15 14:10:35:571
-1.0845,1.0869,6.5767,-0.183,1.1383,9.7386,0.6766,-0.1156,-1.7421,0.0522,-0.2743,-0.6433,71034.03,-13.8,-16.2,-35.36,127.01,-6.36,3.46,5,996.19,55.781,46.16585,15.865781,725.19,NaN,,5.47,12.226105,135.5,22 / 23,517005,2022-07-15 14:10:36:072
-0.0861,1.7378,7.5852,-0.4194,1.3891,9.6987,0.3107,0.363,-2.0451,-0.1312,-0.092,0.1981,72490.01,-13.11,-16.89,-35.64,128.29,-8.73,2.36,5,996.16,53.951,46.16585,15.865781,725.19,NaN,,5.47,12.226105,135.5,22 / 23,517505,2022-07-15 14:10:36:572
0.4636,0.414,6.6622,-0.8685,1.26,9.6865,0.3001,-0.2347,2.3151,0.0052,0.1242,0.0208,70551,-16.31,-15.28,-35.46,119.03,-7.38,5.12,5,996.21,60.467,46.16584,15.865794,725.38,NaN,,5.33,12.226105,142.3,22 / 23,518004,2022-07-15 14:10:37:071
0.5599,1.6917,9.2722,-0.9868,1.6293,9.6199,-0.7699,0.3992,0.907,-0.1481,0.1374,0.512,72292.98,-14.36,-15.67,-36,119.34,-10.8,3.69,5,996.2,65.236,46.16584,15.865794,725.38,NaN,,5.33,12.226105,142.3,22 / 23,518504,2022-07-15 14:10:37:571
0.2859,0.1543,11.15,-0.6772,1.0834,9.7231,1.6689,0.5552,-0.1781,-0.3316,0.2102,-0.6883,73991.01,-18.15,-13.65,-34.78,110.78,-10.84,2,5,996.28,64.83,46.16583,15.865807,725.29,NaN,,5.47,12.226105,142.7,21 / 23,519005,2022-07-15 14:10:38:072
-2.0231,-0.3272,13.7868,-1.1635,1.2512,9.6567,-0.3582,-0.9355,2.5355,-0.3235,0.1497,0.317,71334,-14.64,-14.77,-35.57,116.42,-9.49,5.46,5,996.19,64.544,46.16583,15.865807,725.29,NaN,,5.47,12.226105,142.7,21 / 23,519506,2022-07-15 14:10:38:573
-1.3352,0.0341,12.8524,-0.4829,1.5667,9.6687,0.3978,-0.2505,0.826,-0.4271,0.1363,-0.4504,71574.98,-17.27,-12.67,-35.16,111.52,-9.19,2.86,5,996.16,55.773,46.165817,15.865821,725.66,NaN,,5.62,12.226105,137.5,21 / 23,520005,2022-07-15 14:10:39:072
-1.8371,2.0548,11.607,-1.0249,1.591,9.6223,-0.2956,0.9754,0.959,0.0646,0.2119,0.1013,68889.016,-17.12,-12.81,-34.86,113.64,-7.53,3.9,5,996.25,57.973,46.165817,15.865821,725.66,NaN,,5.62,12.226105,137.5,21 / 23,520504,2022-07-15 14:10:39:571
-0.9972,1.2467,11.6979,-0.8715,1.7184,9.6155,0.5314,-0.2175,1.3858,0.2286,-0.1571,-0.1194,68911.02,-17.96,-12.38,-34.87,107.13,-9.14,5.74,5,996.18,59.585,46.165806,15.865837,725.42,NaN,,5.58,12.226105,134.2,21 / 23,521004,2022-07-15 14:10:40:071
-0.4313,2.8923,11.4784,-0.9059,1.6852,9.6182,-0.1191,1.0371,1.3501,0.3091,-0.1481,0.0394,68420.03,-16.31,-11.66,-36.04,112.69,-6.63,4.83,5,996.21,60.004,46.165806,15.865837,725.42,NaN,,5.58,12.226105,134.2,21 / 23,521504,2022-07-15 14:10:40:571
-0.2315,0.9805,11.9133,-0.4954,1.8042,9.6265,1.0893,0.6627,-3.0529,0.0473,0.0595,-0.2158,70309.016,-18.39,-11.29,-36.21,102.42,-10.6,2.95,5,996.18,60.633,46.165794,15.865853,725.62,NaN,,5.51,12.226105,130,21 / 23,522007,2022-07-15 14:10:41:074
-3.2578,2.257,10.1037,-0.8871,1.0993,9.7044,0.335,0.9226,-2.0948,0.2941,0.1202,-0.4029,67972.98,-17.46,-11.34,-37.24,113.13,-3.84,4.96,5,996.19,63.066,46.165794,15.865853,725.62,NaN,,5.51,12.226105,130,21 / 23,522505,2022-07-15 14:10:41:572
-0.5659,2.2235,7.2317,-1.3932,2.0433,9.4897,1.6378,0.035,-3.0407,0.3504,-0.1003,0.405,67401.99,-15.09,-12.56,-38.25,107.45,-10.12,9.7,5,996.17,63.592,46.165787,15.865869,726.27,NaN,,5.47,12.226105,127.1,19 / 22,523006,2022-07-15 14:10:42:073
-0.7256,2.8666,7.2383,-0.6939,0.6937,9.7574,0.9619,0.4347,-1.624,0.2362,0.0165,-0.7446,67826.98,-15.92,-12.45,-37.97,116.67,-4.06,4.07,5,996.18,69.309,46.165787,15.865869,726.27,NaN,,5.47,12.226105,127.1,19 / 22,523506,2022-07-15 14:10:42:573
-0.4343,1.7689,7.255,-1.6412,1.4926,9.5524,1.1021,-0.9033,-1.182,0.3663,-0.0176,0.1808,68398.02,-12.11,-13.97,-38.08,114.82,-8.75,9.75,5,996.2,68.888,46.16578,15.865886,726.57,NaN,,5.58,12.226105,123.9,20 / 23,524005,2022-07-15 14:10:43:072
0.4169,3.0048,7.2209,-0.7758,0.7349,9.7483,0.6546,0.2757,-1.0158,-0.4729,-0.0678,-0.6512,68457.016,-12.17,-14.33,-36.86,124.3,-5.35,5.62,5,996.18,67.064,46.16578,15.865886,726.57,NaN,,5.58,12.226105,123.9,20 / 23,524504,2022-07-15 14:10:43:571
-0.8219,1.0642,6.4971,-1.5826,1.4439,9.5698,0.4035,-1.0397,-1.8784,0.1814,0.0202,0.5844,67621.98,-10.72,-14.1,-36,119.78,-7.3,9.48,5,996.19,65.763,46.16577,15.865903,726.76,NaN,,5.47,12.226105,127.1,20 / 23,525005,2022-07-15 14:10:44:072
-1.739,0.0867,7.8126,-1.0151,0.5926,9.7359,-0.0393,-0.3695,1.6576,-0.0896,-0.2932,-0.4274,67995.99,-11.16,-14.16,-36.75,128.65,-3.46,5.95,5,996.15,68.214,46.16577,15.865903,726.76,NaN,,5.47,12.226105,127.1,20 / 23,525505,2022-07-15 14:10:44:572
0.5097,1.544,7.3388,-1.2405,1.5283,9.6071,-0.7391,-0.7918,1.7266,0.0976,-0.0119,0.4259,69437.99,-11.33,-13.93,-36.86,118.03,-8.97,7.36,5,996.17,69.927,46.165764,15.865919,726.97,NaN,,5.62,12.226105,131.6,20 / 23,526004,2022-07-15 14:10:45:071
-1.0391,0.5043,8.1667,-0.718,0.5542,9.7646,-0.7021,-0.811,1.2944,-0.4798,0.235,-0.3166,68310,-13.61,-13.41,-36,116.25,-8.15,3.19,5,996.19,69.86,46.165764,15.865919,726.97,NaN,,5.62,12.226105,131.6,20 / 23,526505,2022-07-15 14:10:45:572
1.2999,1.8233,7.4219,-1.407,1.5688,9.5776,-0.5049,-0.4711,-0.0116,0.2589,0.4149,1.0883,70425.99,-11.72,-12.08,-36.81,111.4,-9.05,6.32,5,996.23,67.666,46.165752,15.865935,727.77,NaN,,5.58,12.226105,129.9,20 / 23,527005,2022-07-15 14:10:46:072
-0.6473,1.322,11.0195,-0.5695,1.4026,9.6891,0.6372,-0.1649,1.0437,-0.5491,-0.2485,-0.3299,70346.01,-11.7,-12.94,-36.58,118.5,-8.22,3.36,5,996.19,71.21,46.165752,15.865935,727.77,NaN,,5.58,12.226105,129.9,20 / 23,527505,2022-07-15 14:10:46:572
-2.3689,-0.5127,13.4333,-0.7321,1.416,9.6762,-0.7813,0.0189,2.5883,-0.0467,0.5908,1.0546,71867.99,-14.66,-13.35,-36.64,113.45,-8.3,4.33,5,996.26,62.019,46.165745,15.865952,727.83,NaN,,5.69,12.226105,128.6,20 / 23,528004,2022-07-15 14:10:47:071
0.3224,1.2855,10.5984,-0.0402,1.4478,9.6991,0.1653,-0.3255,2.9208,-0.3131,-0.3183,-0.6095,72227.03,-15.96,-14.14,-36.84,112.51,-10.4,2.16,5,996.3,58.908,46.165745,15.865952,727.83,NaN,,5.69,12.226105,128.6,20 / 23,528505,2022-07-15 14:10:47:572
-0.9876,0.6712,13.6247,-0.277,1.4018,9.702,-1.6001,-0.1857,2.4514,-0.1539,-0.1549,0.4452,74527.02,-16.72,-17.47,-35.57,120.59,-10.77,-0.25,5,996.26,71.841,46.165737,15.865969,728.03,NaN,,5.65,12.226105,126.9,20 / 23,529005,2022-07-15 14:10:48:072
2.5388,1.3161,12.1813,0.2985,1.9973,9.5965,0.8989,0.0248,0.5018,-0.3905,0.0181,-0.4455,74482,-17.93,-14.87,-35.87,113.23,-11.75,-1.78,5,996.24,63.717,46.165737,15.865969,728.03,NaN,,5.65,12.226105,126.9,20 / 23,529505,2022-07-15 14:10:48:572
-1.1916,2.3264,12.8399,0.0389,1.8524,9.63,-0.5574,0.6896,1.0611,-0.1178,0.0887,-0.0509,74035.016,-17.76,-15.47,-35.38,114.41,-10.89,-0.23,5,996.2,67.508,46.16573,15.865986,726.86,NaN,,5.62,12.226105,127,20 / 23,530005,2022-07-15 14:10:49:072
0.9272,-0.6497,14.4449,0.2339,1.3698,9.7077,1.0679,-0.224,1.9085,-0.075,-0.2243,-0.3628,71356.01,-17.42,-13.58,-36.84,114.09,-9.57,0.22,5,996.28,71.339,46.16573,15.865986,726.86,NaN,,5.62,12.226105,127,20 / 23,530504,2022-07-15 14:10:49:571
-2.1613,1.2508,12.6144,-0.3728,1.0031,9.7481,-1.1879,0.4333,2.5516,-0.193,0.5052,-0.1397,71597.99,-16.69,-13.5,-37.41,121.09,-6.28,-1.06,5,996.22,59.12,46.16572,15.866003,726.82,NaN,,5.76,12.226105,128.8,20 / 23,531005,2022-07-15 14:10:50:072
0.0604,0.6544,12.6497,-1.0544,1.0219,9.6961,0.2079,-0.0674,-2.373,-0.1375,-0.0454,-0.5849,69174,-14.79,-12.66,-38.44,115.72,-5.98,6.21,5,996.25,64.891,46.16572,15.866003,726.82,NaN,,5.76,12.226105,128.8,20 / 23,531505,2022-07-15 14:10:50:572
-2.8409,1.4393,10.7121,-0.7747,1.1225,9.7113,-0.4877,1.1137,-2.2388,0.2892,-0.3399,-0.4126,66904.99,-13.63,-12.45,-38.85,114.01,-6.57,4.56,5,996.23,65.453,46.16571,15.86602,726.54,NaN,,5.72,12.226105,128.4,20 / 23,532006,2022-07-15 14:10:51:073
-0.0108,2.0255,11.0201,-0.8844,1.7877,9.6017,0.404,0.0878,-1.4193,-0.0344,0.3842,0.1357,68463.97,-14.91,-14.63,-38.55,114.5,-9.87,4.95,5,996.31,67.959,46.16571,15.86602,726.54,NaN,,5.72,12.226105,128.4,20 / 23,532505,2022-07-15 14:10:51:572
-1.3274,2.1254,11.1177,-0.622,1.4996,9.6713,-0.4815,0.862,-0.5545,-0.0451,0.0199,-0.3089,67835.01,-15.47,-15.09,-37.31,120.11,-7.68,3.68,5,996.21,65.568,46.1657,15.866037,727.26,NaN,,5.62,12.226105,125.6,20 / 23,533005,2022-07-15 14:10:52:072
-0.2321,1.7186,8.6542,-0.4056,1.4669,9.6878,-0.3735,-0.9172,-2.8483,-0.1123,-0.1545,-0.0742,70163.016,-16.01,-14.06,-37.18,115.63,-8.6,2.4,5,996.22,64.885,46.1657,15.866037,727.26,NaN,,5.62,12.226105,125.6,20 / 23,533505,2022-07-15 14:10:52:572
-0.0688,2.5842,8.8696,-0.6476,0.8584,9.7475,-0.0739,0.1099,-2.6838,-0.1234,0.234,-0.071,66779.98,-16.26,-12.79,-38.27,117.75,-5.02,3.8,5,996.15,65.919,46.16569,15.866056,729.5,NaN,,5.76,12.226105,125.1,20 / 23,534006,2022-07-15 14:10:53:073
1.0504,2.0931,6.7567,-0.5759,1.594,9.6591,0.9765,-0.172,-2.995,0.1428,-0.1423,0.3874,69327.97,-14.98,-14.12,-37.99,114.67,-8.56,5.09,5,996.14,63.477,46.16569,15.866056,729.5,NaN,,5.76,12.226105,125.1,20 / 23,534505,2022-07-15 14:10:53:572
-1.5416,3.1095,7.6104,-0.3332,0.9208,9.7576,-0.1284,0.7511,-2.6297,0.3996,0.079,-0.2353,68712.98,-15.3,-11.81,-37.97,123.12,-1.82,2.37,5,996.15,60.509,46.165688,15.866075,731.06,NaN,,5.72,12.226105,119.9,20 / 23,535006,2022-07-15 14:10:54:073
-0.0197,1.2311,6.6114,-1.0078,1.2912,9.6689,0.6448,-0.4471,-2.1079,0.0619,0.1184,0.2497,68924.99,-13.29,-13.56,-38.14,118.29,-7.57,5.95,5,996.15,59.143,46.165688,15.866075,731.06,NaN,,5.72,12.226105,119.9,20 / 23,535505,2022-07-15 14:10:54:572
0.4122,1.1785,7.7695,-0.4574,0.4675,9.7848,0.8233,0.817,-2.1284,-0.1914,-0.1589,-0.4778,68639,-14.96,-11.4,-37.76,118.8,-2.73,2.68,5,996.17,60.772,46.16568,15.866093,730.6,NaN,,5.83,12.226105,122.3,20 / 23,536006,2022-07-15 14:10:55:073
-0.3117,0.1747,6.3535,-1.0332,1.4007,9.651,0.486,-1.6365,-2.0587,0.3704,-0.1514,0.6174,68911.02,-14.14,-12.34,-37.95,111.74,-7.02,7.58,5,996.18,62.559,46.16568,15.866093,730.6,NaN,,5.83,12.226105,122.3,20 / 23,536505,2022-07-15 14:10:55:572
-0.3105,1.8233,6.1567,-0.7453,0.2483,9.7751,-1.2321,-1.2892,3.19,0.0582,-0.1472,-0.2509,69936.01,-15.36,-12.71,-38.59,123.89,-1.45,4.36,5,996.27,56.343,46.165672,15.866109,730.51,NaN,,5.72,12.226105,129.8,20 / 23,537004,2022-07-15 14:10:56:071
-1.9651,-0.0532,6.3069,-1.0599,1.1825,9.6772,-0.581,-0.7208,0.1222,0.2346,-0.0767,0.5612,69869.99,-13.14,-12.26,-39.64,112.87,-6.93,6.25,5,996.19,65.831,46.165672,15.866109,730.51,NaN,,5.72,12.226105,129.8,20 / 23,537504,2022-07-15 14:10:56:571
0.1035,0.6072,7.8939,-0.4747,0.1292,9.7943,0.2195,-0.3113,1.5356,-0.2023,0.0817,-0.3592,71378.016,-18.19,-12.22,-38.89,120.06,-0.75,2.77,5,996.27,63.482,46.165665,15.866124,730.28,NaN,,5.76,12.226105,129.7,20 / 23,538004,2022-07-15 14:10:57:071
-0.1501,1.5218,7.3902,-1.4245,1.3241,9.6119,0.4305,-0.6341,-0.4422,0.345,0.2433,1.1603,68288,-16.03,-12.41,-38.93,110.69,-6.39,7.21,5,996.18,65.515,46.165665,15.866124,730.28,NaN,,5.76,12.226105,129.7,20 / 23,538505,2022-07-15 14:10:57:572
-0.0544,0.5821,10.7689,-0.7093,1.0186,9.7278,1.7539,-0.0204,1.2089,-0.421,-0.247,-0.593,66925.984,-16.76,-13.22,-38.55,114.5,-5.96,4.17,5,996.28,60.585,46.165657,15.866141,730.19,NaN,,5.65,12.226105,126.9,20 / 22,539005,2022-07-15 14:10:58:072
-2.0614,-0.0987,6.8847,-1.7064,1.0818,9.5963,-0.7557,-1.5685,4.7594,0.4666,0.0221,0.4316,66714.03,-14.74,-13.99,-39.23,114.78,-6.33,10.08,5,996.22,64.02,46.165657,15.866141,730.19,NaN,,5.65,12.226105,126.9,20 / 22,539506,2022-07-15 14:10:58:573
0.5474,1.267,9.0832,-1.1541,0.4858,9.7264,-0.0658,-1.6011,4.169,-0.5115,0.0365,-0.8305,67227.03,-14.02,-14.89,-38.46,125.67,-2.84,6.77,5,996.28,60.141,46.165646,15.866156,729.78,NaN,,5.69,12.226105,127.9,20 / 22,540005,2022-07-15 14:10:59:072
-1.3836,0.8195,9.7854,-1.2882,0.8287,9.6863,0.0035,-0.5974,2.3712,-0.3421,0.0089,0.5896,69731.016,-11.94,-13.71,-38.7,119.19,-7.1,6.95,5,996.23,64.323,46.165646,15.866156,729.78,NaN,,5.69,12.226105,127.9,20 / 22,540504,2022-07-15 14:10:59:571
-0.4008,0.3565,12.9799,-0.6799,1.1959,9.7097,0.2783,-0.5744,1.9591,-0.3738,0.3476,-0.6217,69591.016,-15.17,-12.67,-38.55,115.1,-7,4.01,5,996.26,55.075,46.165634,15.866172,730.23,NaN,,5.54,12.226105,128.6,20 / 22,541004,2022-07-15 14:11:00:071
-2.4837,0.8949,8.3019,-0.9587,1.3162,9.6705,-0.7884,-0.3018,3.318,0.6646,-0.0573,0.3239,67695.01,-20.62,-13.67,-38.46,110.22,-7.71,5.66,5,996.25,63.809,46.165634,15.866172,730.23,NaN,,5.54,12.226105,128.6,20 / 22,541505,2022-07-15 14:11:00:572
-2.2893,-1.5601,13.4824,-0.5672,1.0503,9.7337,0.5495,-0.4595,2.5078,-0.0525,0.0082,-0.8555,70038,-27,-15.21,-37.67,110.7,-6.15,3.33,5,996.23,53.832,46.165627,15.866188,730.88,NaN,,5.69,12.226105,129,20 / 22,542005,2022-07-15 14:11:01:072
-1.0666,1.0301,13.864,-0.9722,1.0105,9.7059,-2.4012,-0.1818,2.9379,0.1919,0.2245,0.6736,69115.01,-22.16,-14.77,-38.19,116.22,-5.07,2.62,5,996.23,55.991,46.165627,15.866188,730.88,NaN,,5.69,12.226105,129,20 / 22,542504,2022-07-15 14:11:01:571
-0.7226,-0.5952,12.6197,-0.9268,1.1909,9.6898,0.7268,0.3599,-2.0038,-0.1007,-0.0733,-0.5359,70506.99,-16.78,-12.11,-37.37,110.48,-6.98,5.46,5,996.19,59.62,46.16562,15.866203,730.76,NaN,,5.83,12.226105,131.9,20 / 22,543004,2022-07-15 14:11:02:071
-0.8596,1.0158,15.3428,-0.1602,1.1763,9.7345,-2.0628,1.013,0.7948,-0.2639,-0.1896,0.0778,70163.016,-17.61,-11.59,-37.71,111.65,-6.89,0.94,5,996.25,57.73,46.16562,15.866203,730.76,NaN,,5.83,12.226105,131.9,20 / 22,543505,2022-07-15 14:11:02:572
1.8538,1.2443,11.3504,-0.115,1.4239,9.702,1.2989,-1.4503,0.6051,0.0573,-0.082,-0.2861,74402.016,-22.48,-14.77,-36.45,113.29,-8.35,0.68,5,996.16,66.17,46.165607,15.866218,731.3,NaN,,5.87,12.226105,131.9,20 / 22,544005,2022-07-15 14:11:03:072
-2.4383,0.7531,14.5023,-0.5872,0.7362,9.7613,-1.774,0.2422,3.0565,-0.0703,0.0334,0.0952,71071.02,-19.01,-15.6,-36.96,126.15,-2.97,0.4,5,996.24,58.94,46.165607,15.866218,731.3,NaN,,5.87,12.226105,131.9,20 / 22,544504,2022-07-15 14:11:03:571
0.2273,-0.481,14.1266,-0.8862,0.9543,9.7198,0.7849,0.4721,-2.7238,-0.0315,0.0744,-0.1095,69687,-16.93,-11.04,-36.75,110.32,-5.58,5.21,5,996.16,66.935,46.1656,15.866234,731.72,NaN,,5.87,12.226105,128.8,20 / 22,545004,2022-07-15 14:11:04:071
-1.4985,1.6104,12.3529,-0.0978,0.4757,9.7946,-0.5793,1.5371,-0.6733,-0.1665,-0.1558,-0.5066,70799,-21.86,-7.52,-37.73,105.39,-2.78,0.57,5,996.22,60.326,46.1656,15.866234,731.72,NaN,,5.87,12.226105,128.8,20 / 22,545504,2022-07-15 14:11:04:571
-0.4223,-0.3637,11.254,-0.7755,1.27,9.6931,0.9246,-0.2784,-1.8321,0.1863,0.2501,0.1895,70082.016,-23.78,-13.84,-36.99,109.55,-7.32,3.86,5,996.18,65.827,46.165592,15.866252,731.6,NaN,,5.69,12.226105,126.6,20 / 22,546004,2022-07-15 14:11:05:071
-2.1272,2.2235,10.9394,-0.6941,0.7641,9.7522,-1.2621,1.2728,1.2645,0.3131,0.0942,-0.1484,68346.99,-19.61,-14.64,-36.84,124.84,0.97,3.82,5,996.14,61.405,46.165592,15.866252,731.6,NaN,,5.69,12.226105,126.6,20 / 22,546505,2022-07-15 14:11:05:572
0.3296,1.2915,7.6217,-1.4399,0.8616,9.662,0.3766,-0.9329,-3.3373,0.0752,-0.1167,-0.0321,67381,-14.21,-14.81,-34.48,122.83,-5.04,8.48,5,996.15,64.547,46.16558,15.866269,731.29,NaN,,5.58,12.226105,126.3,20 / 23,547006,2022-07-15 14:11:06:073
-1.3334,2.6728,7.3364,-0.7016,0.2196,9.7791,0.2334,0.6318,-1.7823,0.2507,-0.0494,-0.3587,67637.03,-11.83,-6.73,-31.28,114.03,-1.28,4.1,5,996.13,49.609,46.16558,15.866269,731.29,NaN,,5.58,12.226105,126.3,20 / 23,547506,2022-07-15 14:11:06:573
-0.5521,-0.3105,9.7531,-1.1865,1.3389,9.6421,0.0646,-1.4342,-3.3805,0.4294,-0.1605,0.3051,67071.984,-17.18,-5.4,-36.88,93.08,-6.37,9.38,5,996.13,56.041,46.165573,15.866287,731.7,NaN,,5.72,12.226105,126.4,20 / 23,548004,2022-07-15 14:11:07:071
-1.5416,2.61,6.9631,-0.5009,0.0242,9.7938,1.6418,1.2268,-0.6559,0.3899,0.0029,-0.2717,68391,-23.21,-7.63,-39.92,106.29,-0.78,3.79,5,996.13,58.051,46.165573,15.866287,731.7,NaN,,5.72,12.226105,126.4,20 / 23,548505,2022-07-15 14:11:07:572
-0.3745,0.5324,7.0307,-0.7959,0.4958,9.7617,1.6245,0.3671,-2.5308,0.2897,-0.0321,0.3658,71084.99,-23.91,-9.67,-40.2,104.24,-4.75,4.1,5,996.14,52.935,46.16556,15.866305,731.61,NaN,,5.72,12.226105,127.3,21 / 23,549004,2022-07-15 14:11:08:071
-0.3703,0.5737,6.4038,-0.1458,-0.0993,9.8051,0.98,-0.1547,-1.5177,0.0787,0.1325,-0.4554,70418.98,-24.79,-6.36,-41.42,104.06,0.58,0.85,5,996.15,59.175,46.16556,15.866305,731.61,NaN,,5.72,12.226105,127.3,21 / 23,549506,2022-07-15 14:11:08:573
1.0887,1.4399,5.1661,-0.8956,0.8006,9.7328,0.5292,-1.3217,-1.1402,0.3616,0.0827,0.6154,69840.02,-24.54,-10.65,-42.77,108.18,-2.25,4.95,5,996.19,65.175,46.16555,15.866321,732.21,NaN,,5.58,12.226105,128.8,21 / 23,550006,2022-07-15 14:11:09:073
-0.7412,0.4253,7.7815,-0.3491,-0.0345,9.8004,-0.1364,-1.9655,3.5933,0.0719,0.1688,-0.3833,69840.02,-26.31,-11.89,-42.86,107.96,-4.28,1.6,5,996.15,49.531,46.16555,15.866321,732.21,NaN,,5.58,12.226105,128.8,21 / 23,550506,2022-07-15 14:11:09:573
-2.5513,-1.3047,10.596,-1.6981,0.5965,9.6401,-1.8,-1.8182,2.8795,0.4698,-0.0437,0.678,67892.984,-19.01,-16.12,-42.49,118.8,-4.02,7.05,5,996.2,53.772,46.165543,15.866338,732.73,NaN,,5.76,12.226105,126.2,21 / 23,551005,2022-07-15 14:11:10:072
-0.1962,-0.2112,10.7043,-0.8726,0.0793,9.7674,-0.2682,-0.5735,1.0039,-0.6113,0.0835,-0.4846,67497.98,-15.88,-15.17,-40.07,120.15,-5.1,5.68,5,996.18,55.22,46.165543,15.866338,732.73,NaN,,5.76,12.226105,126.2,21 / 23,551505,2022-07-15 14:11:10:572
-1.1019,-0.064,8.1224,-0.993,1.1272,9.6909,-1.2452,-1.1637,0.3528,0.558,-0.1714,1.065,68582.03,-15.32,-14.12,-39.37,119.18,-5.46,5.35,5,996.19,61.806,46.165535,15.866356,733.19,NaN,,5.76,12.226105,124.8,21 / 23,552006,2022-07-15 14:11:11:073
0.8297,1.4764,7.0092,-0.5141,0.8705,9.7544,0.2277,-0.2413,1.9906,0.1093,-0.1586,0.1916,72652.01,-19.26,-16.29,-37.71,114.12,-9.73,3.61,5,996.18,58.307,46.165535,15.866356,733.19,NaN,,5.76,12.226105,124.8,21 / 23,552504,2022-07-15 14:11:11:571
-2.0572,0.0574,9.7962,-1.0725,1.1176,9.6836,-1.8971,0.2987,2.4651,0.1468,-0.013,0.8974,68654.99,-18.69,-16.26,-37.71,117.94,-7.55,2.61,5,996.21,62.684,46.165527,15.866374,733.19,NaN,,5.8,12.226105,125.9,21 / 23,553004,2022-07-15 14:11:12:071
-0.8859,-0.9159,12.2674,-0.7649,0.5224,9.7628,0.5809,-0.5963,1.8314,-0.4409,-0.0961,-0.6539,69489.02,-14.76,-14.98,-35.98,118.29,-8.23,5.6,5,996.19,62.567,46.165527,15.866374,733.19,NaN,,5.8,12.226105,125.9,21 / 23,553505,2022-07-15 14:11:12:572
-3.7065,1.2945,11.8373,-1.126,1.2567,9.6604,-2.5475,-0.2418,1.9442,-0.1399,0.4954,0.4653,71971,-12.66,-13.18,-33.99,119.69,-8.52,1.34,5,996.18,63.678,46.165516,15.866391,733.07,NaN,,5.83,12.226105,127.2,21 / 23,554005,2022-07-15 14:11:13:072
-2.3844,-2.1763,13.3454,-0.8025,1.3118,9.6853,1.4845,-0.2905,0.747,-0.7009,0.2657,-1.0369,69218.016,-12.54,-10.87,-34.69,110.57,-7.72,7.04,5,996.21,65.773,46.165516,15.866391,733.07,NaN,,5.83,12.226105,127.2,21 / 23,554505,2022-07-15 14:11:13:572
-2.2128,1.7737,12.1537,-0.9651,0.8072,9.7256,-1.3871,1.4047,1.2535,-0.1236,-8.00E-04,-0.167,69585.01,-12.73,-8.92,-37.52,117.7,-2.42,1.68,5,996.16,58.098,46.16551,15.866406,732.58,NaN,,5.87,12.226105,128,20 / 23,555004,2022-07-15 14:11:14:071
0.3799,0.4152,10.4674,-0.9357,1.1655,9.6921,1.1789,-1.4734,1.1121,-0.0108,-0.2839,-0.106,68398.02,-14.1,-10.12,-38.93,101.46,-9.34,8.1,5,996.18,61.803,46.16551,15.866406,732.58,NaN,,5.87,12.226105,128,20 / 23,555505,2022-07-15 14:11:14:572
-3.7065,0.2267,13.5494,-1.2283,0.5154,9.7158,-1.8181,0.1958,3.5206,0.3523,0.3894,0.0121,68786.016,-12.6,-8.81,-40.43,121.62,0.14,2.55,5,996.14,63.964,46.1655,15.866423,733.24,NaN,,5.87,12.226105,127.8,20 / 23,556005,2022-07-15 14:11:15:072
-0.0694,0.7914,10.8431,-0.6969,1.545,9.6591,0.285,-0.6763,-1.6191,0.0487,-0.0975,-0.3594,73156.98,-13.5,-8.48,-41.55,100.02,-6.52,7.56,5,996.21,64.133,46.1655,15.866423,733.24,NaN,,5.87,12.226105,127.8,20 / 23,556504,2022-07-15 14:11:15:571
-3.3392,1.1833,12.7101,-0.1339,1.2847,9.7212,-0.0827,1.2816,-0.907,0.3858,-0.1967,-0.3119,72277.99,-18.94,-12.94,-40.71,117.06,-3.7,1.82,5,996.17,51.424,46.165493,15.866439,733.21,NaN,,5.72,12.226105,126.7,20 / 23,557004,2022-07-15 14:11:16:071
0.7819,1.6481,10.0211,-0.7866,1.6095,9.6416,-0.037,-0.185,-1.887,0.1624,0.0053,0.3574,70411.01,-16.59,-14.38,-39.98,112.06,-8.28,5.24,5,996.18,52.085,46.165493,15.866439,733.21,NaN,,5.72,12.226105,126.7,20 / 23,557504,2022-07-15 14:11:16:571
-0.9882,2.9803,9.9141,-0.5651,1.1285,9.7251,-0.6415,1.904,-0.5385,-0.0417,-0.173,-0.3729,69855.01,-18.56,-12.08,-40.54,113.81,-4.03,2.43,5,996.16,60.769,46.165485,15.866455,733.04,NaN,,5.76,12.226105,126.7,20 / 23,558004,2022-07-15 14:11:17:071
0.4528,1.7486,9.6209,-1.219,1.834,9.5562,-0.8656,-2.358,-1.7334,0.157,-0.0619,0.1672,68801,-16.2,-14.7,-40.09,113.51,-8.48,8.06,5,996.27,65.244,46.165485,15.866455,733.04,NaN,,5.76,12.226105,126.7,20 / 23,558504,2022-07-15 14:11:17:571
-2.7799,2.26,10.017,-0.752,0.6652,9.7551,-0.3978,0.833,-2.3906,-0.0653,-0.075,-0.4093,67329.02,-17.53,-11.94,-38.18,115.58,-3.01,4.67,5,996.23,63.546,46.165478,15.866473,732.5,NaN,,5.8,12.226105,127,20 / 23,559005,2022-07-15 14:11:18:072
0.8381,2.2283,6.7914,-1.2898,2.1383,9.4834,0.2684,-1.5433,-3.2946,0.5868,-0.0473,0.9635,67154,-18.51,-11.19,-39.53,101.43,-9.25,7.77,5,996.19,67.505,46.165478,15.866473,732.5,NaN,,5.8,12.226105,127,20 / 23,559504,2022-07-15 14:11:18:571
-0.3188,2.3599,7.5404,-0.8646,0.8826,9.7285,0.2218,0.9807,-1.7418,0.2642,-0.4721,-0.4027,65492.01,-20.19,-12.39,-41.08,112.51,-2.23,7.78,5,996.24,63.518,46.165466,15.866491,732.81,NaN,,5.69,12.226105,127.4,20 / 23,560005,2022-07-15 14:11:19:072
0.1998,1.6953,8.4688,-1.3085,1.1078,9.6556,1.8205,0.21,-2.541,0.3807,0.1111,0.6054,68369,-19.26,-13.31,-41.44,108.55,-7.09,7.92,5,996.17,66.421,46.165466,15.866491,732.81,NaN,,5.69,12.226105,127.4,20 / 23,560505,2022-07-15 14:11:19:572
-1.407,1.8006,8.5825,-0.7696,0.2349,9.7736,0.8784,0.8508,-2.0038,-0.288,-0.1187,-0.3149,67322.01,-21.04,-13.05,-44.1,113.25,-2.75,6.14,5,996.2,63.154,46.16546,15.866509,733.01,NaN,,5.8,12.226105,127.9,20 / 22,561004,2022-07-15 14:11:20:071
0.0736,0.6437,6.5498,-1.8688,1.2446,9.5462,0.6024,-1.389,-2.2307,0.3606,-0.0878,0.7152,65542.98,-16.91,-15.88,-44.06,115.6,-4.93,12.68,5,996.17,65.974,46.16546,15.866509,733.01,NaN,,5.8,12.226105,127.9,20 / 22,561505,2022-07-15 14:11:20:572
-1.1653,0.8967,7.6558,-1.1358,0.1712,9.7392,-0.3449,-0.6207,1.7714,-0.101,-0.1574,-0.4196,66670.02,-14.51,-13.18,-42.06,121.9,-1,6.65,5,996.21,61.982,46.16545,15.866525,732.42,NaN,,5.76,12.226105,127.4,20 / 22,562005,2022-07-15 14:11:21:072
-2.1984,-0.2722,9.5868,-1.5708,0.9428,9.634,-1.886,-1.2688,0.3968,0.4969,-0.0723,0.8691,66912.01,-16.29,-12.22,-41.72,112.3,-4.67,7.44,5,996.13,62.651,46.16545,15.866525,732.42,NaN,,5.76,12.226105,127.4,20 / 22,562505,2022-07-15 14:11:21:572
-1.3125,0.6592,7.2688,-1.2906,0.1171,9.7207,0.0399,-0.2217,0.6086,-0.5214,0.1761,-0.3691,67270.98,-20.59,-13.35,-40.82,110.61,-4.72,7.47,5,996.19,54.514,46.16544,15.866543,733.42,NaN,,5.62,12.226105,127.6,20 / 22,563004,2022-07-15 14:11:22:071
-0.8877,-0.1496,8.0016,-1.8118,1.0539,9.58,-0.5384,-1.0473,-1.0398,0.276,0.3054,1.0924,65601.02,-16.5,-14.83,-42.43,117.54,-4.25,10.24,5,996.17,67.127,46.16544,15.866543,733.42,NaN,,5.62,12.226105,127.6,20 / 22,563504,2022-07-15 14:11:22:571
-0.8985,0.4989,10.4824,-1.4626,0.5949,9.6787,-0.0526,0.1238,1.449,-0.3342,0.2511,-0.2157,67021.97,-15.9,-16.14,-40.8,121.89,-3.48,8.59,5,996.23,56.339,46.165432,15.86656,734.62,NaN,,5.58,12.226105,128.3,20 / 22,564004,2022-07-15 14:11:23:071
-4.9932,-1.4004,13.5039,-2.0484,0.8424,9.5533,-2.1216,0.2761,2.3489,0.2279,-0.0412,0.8767,65073.984,-10.82,-14.29,-40.67,121.18,-4.68,9.88,5,996.2,61.196,46.165432,15.86656,734.62,NaN,,5.58,12.226105,128.3,20 / 22,564504,2022-07-15 14:11:23:571
-0.6168,0.9918,9.9685,-1.2557,0.8947,9.6847,0.7041,-0.21,1.3875,-0.1442,-0.1933,-0.7165,67798.016,-13.78,-12.6,-40.05,108.42,-9.49,8.89,5,996.23,54.204,46.165424,15.866577,733.76,NaN,,5.72,12.226105,128.9,20 / 22,565005,2022-07-15 14:11:24:072
-2.601,-0.7962,12.4756,-0.906,0.8596,9.7268,-0.8999,-0.7003,2.2807,-0.304,-0.1601,0.4665,67665.984,-17.96,-13.05,-42.39,112.21,-5.71,5.45,5,996.2,67.33,46.165424,15.866577,733.76,NaN,,5.72,12.226105,128.9,20 / 22,565504,2022-07-15 14:11:24:571
0.7854,0.6921,11.1093,-0.5061,0.9693,9.7455,1.476,-0.468,1.5681,-0.2984,0.264,-0.5812,71195.02,-22.01,-13.84,-40.63,112.53,-5.67,2.97,5,996.19,62.925,46.165417,15.866593,733.15,NaN,,5.69,12.226105,129,20 / 22,566005,2022-07-15 14:11:25:072
-2.1565,1.2975,12.0598,-0.6846,1.0407,9.7272,-1.2024,0.4971,2.088,0.1736,-0.0515,-0.0432,69240.016,-17.44,-15.22,-40.71,123.82,-3.49,2.39,5,996.18,56.778,46.165417,15.866593,733.15,NaN,,5.69,12.226105,129,20 / 22,566505,2022-07-15 14:11:25:572
-0.2949,-0.283,10.5159,-0.8187,0.9123,9.7297,1.7063,-1.0717,1.3435,0.0896,0.3025,-0.3286,70023.016,-14.14,-14.96,-37.99,121.95,-6.36,5.23,5,996.13,53.514,46.16541,15.866609,732.84,NaN,,5.8,12.226105,129.4,20 / 22,567005,2022-07-15 14:11:26:072
-2.5256,1.3119,13.3555,-0.9854,1.0369,9.7018,-1.4615,0.3007,2.5834,0.0541,0.2524,0.1514,71062.99,-12.71,-13.31,-37.39,124.56,-4.66,2.37,5,996.14,56.763,46.16541,15.866609,732.84,NaN,,5.8,12.226105,129.4,20 / 22,567505,2022-07-15 14:11:26:572
0.3523,0.932,10.7521,-1.1056,1.6777,9.5986,0.6432,-1.4292,-0.1614,0.1151,0.141,-0.2881,68991.01,-15.77,-16.11,-36.75,115.93,-9.85,6.57,5,996.11,54.764,46.165398,15.866625,732.7,NaN,,5.65,12.226105,128.9,20 / 22,568004,2022-07-15 14:11:27:071
-3.1047,1.1019,11.5543,-0.5309,0.6018,9.7738,-0.6057,1.4753,-0.6756,0.2544,-0.1718,-0.4626,67761.02,-12.56,-15.13,-34.99,135.03,-0.17,3.12,5,996.15,52.648,46.165398,15.866625,732.7,NaN,,5.65,12.226105,128.9,20 / 22,568505,2022-07-15 14:11:27:572
0.2177,0.2273,13.1785,-1.0365,1.4687,9.6405,0.3796,-0.6209,-1.9851,0.3593,-0.0883,0.2514,69196.01,-11.87,-10.71,-32.68,114.44,-6.66,7.27,5,996.13,63.425,46.165386,15.866642,732.95,NaN,,5.54,12.226105,129,20 / 22,569005,2022-07-15 14:11:28:072
-2.3192,2.1284,10.6319,-0.6013,0.6104,9.7691,-0.6979,1.4401,-1.3442,-0.0104,-0.06,-0.5766,68031.97,-15.08,-9.75,-35.44,117.43,-2.25,2.74,5,996.13,57.338,46.165386,15.866642,732.95,NaN,,5.54,12.226105,129,20 / 22,569505,2022-07-15 14:11:28:572
-0.6257,1.4142,8.1165,-1.501,1.5703,9.563,0.1509,-1.6044,-1.8297,0.097,0.1169,0.4741,68778.99,-15.49,-9.94,-37.26,102.06,-9.21,8.92,5,996.13,53.959,46.165375,15.866657,733.44,NaN,,5.44,12.226105,129.9,20 / 23,570005,2022-07-15 14:11:29:072
-0.9984,2.6357,6.9763,-1.0891,0.6582,9.7237,-0.3076,0.064,-1.668,-0.0154,-0.071,-0.2141,68296.03,-20.59,-10.76,-39.77,108.66,-3.65,6.62,5,996.15,56.146,46.165375,15.866657,733.44,NaN,,5.44,12.226105,129.9,20 / 23,570506,2022-07-15 14:11:29:573
-1.051,1.1791,9.0532,-0.9962,1.3778,9.6581,-0.2816,-1.2664,-2.2866,0.337,-0.1521,0.5125,68566.03,-18.66,-13.89,-41.04,111.73,-6.29,7.94,5,996.13,61.224,46.165367,15.866675,734.94,NaN,,5.65,12.226105,126.9,20 / 22,571005,2022-07-15 14:11:30:072
-0.0036,2.2301,7.5027,-0.3806,0.7159,9.7731,0.4689,0.5685,-1.6431,0.2306,-0.1697,-0.2322,71779.98,-23.12,-13.63,-39.21,116.4,-1.78,4.29,5,996.1,53.428,46.165367,15.866675,734.94,NaN,,5.65,12.226105,126.9,20 / 22,571504,2022-07-15 14:11:30:571
-0.682,0.6185,5.735,-0.9931,1.4165,9.6529,-0.7432,-0.789,0.2581,0.1884,-0.1316,0.5776,72015.01,-21.47,-17.4,-38.03,115.22,-8.31,5.87,5,996.15,58.151,46.16536,15.866692,735.37,NaN,,5.62,12.226105,126.7,20 / 22,572004,2022-07-15 14:11:31:071
-0.6652,1.063,7.9956,-0.5997,0.7836,9.7569,0.0701,0.3106,-0.0555,-0.1994,0.1569,-0.0476,70300.984,-21.39,-18.26,-36.51,120.8,-6.84,2.84,5,996.13,50.601,46.16536,15.866692,735.37,NaN,,5.62,12.226105,126.7,20 / 22,572504,2022-07-15 14:11:31:571
-0.3876,1.6187,8.2977,-1.1962,1.375,9.6358,-0.4262,-0.8889,0.709,0.2325,0.1792,0.7769,69541,-17.03,-17.01,-36.88,119.86,-7.83,6.48,5,996.23,61.351,46.165348,15.866709,735.53,NaN,,5.62,12.226105,127.1,20 / 22,573005,2022-07-15 14:11:32:072
0.0622,1.2622,7.4853,-0.8252,1.0372,9.7167,0.082,-0.6188,0.3873,-0.0848,0.1613,-0.317,69716.03,-14.94,-15.58,-36.69,121.38,-7.94,4.56,5,996.23,63.325,46.165348,15.866709,735.53,NaN,,5.62,12.226105,127.1,20 / 22,573505,2022-07-15 14:11:32:572
-2.2738,1.3071,9.3464,-1.7396,1.4192,9.5462,-2.284,0.1099,2.8642,0.3789,-0.0935,1.1809,68720,-12.39,-13.67,-37.54,115.18,-8.32,10.33,5,996.24,68.363,46.16534,15.866725,736.05,NaN,,5.58,12.226105,127.6,20 / 22,574004,2022-07-15 14:11:33:071
-1.7838,-0.4714,12.932,-1.0435,0.9372,9.7058,1.0466,0.5897,1.1294,-0.5994,-0.0206,-0.6526,68742,-16.99,-12.49,-38.1,103.11,-11.01,6.48,5,996.18,52.762,46.16534,15.866725,736.05,NaN,,5.58,12.226105,127.6,20 / 22,574504,2022-07-15 14:11:33:571
-3.405,1.4351,11.1942,-1.5398,1.0147,9.6317,-2.1972,0.2329,2.5506,-0.1558,0.398,0.5642,66509.98,-19.44,-10.86,-39.39,105.81,-6.62,7.35,5,996.15,50.454,46.165333,15.866741,735.73,NaN,,5.69,12.226105,127.6,20 / 22,575004,2022-07-15 14:11:34:071
-0.9769,-0.4056,14.0728,-1.3134,1.9316,9.5244,0.0947,-0.2884,-0.8922,-0.3474,-0.1778,-0.5683,67988.03,-27.32,-13.26,-39.21,100.36,-11.36,7.85,5,996.18,59.986,46.165333,15.866741,735.73,NaN,,5.69,12.226105,127.6,20 / 22,575504,2022-07-15 14:11:34:571
-2.942,2.6518,9.2536,-0.9822,1.4084,9.6551,-0.8123,2.1002,-0.5114,-0.0586,0.3218,0.3993,67783.03,-28.39,-17.87,-38.74,111.69,-8.26,5.81,5,996.14,69.979,46.16532,15.866756,735.4,NaN,,5.51,12.226105,130,20 / 22,576005,2022-07-15 14:11:35:072
-0.198,2.0722,11.214,-1.4862,2.0301,9.4784,0.2948,-0.17,-0.8884,0.1017,-0.0021,0.0808,68522.02,-27.22,-18.26,-37.43,109.76,-10.76,8.94,5,996.11,52.668,46.16532,15.866756,735.4,NaN,,5.51,12.226105,130,20 / 22,576504,2022-07-15 14:11:35:571
-1.477,1.864,10.5529,-1.1135,1.2743,9.6595,0.1365,0.9488,-0.266,0.0024,-0.1539,-0.3174,68457.016,-20.18,-13.8,-37.63,112.75,-6.29,6,5,996.11,63.854,46.165314,15.866771,735.88,NaN,,5.33,12.226105,130.9,20 / 22,577004,2022-07-15 14:11:36:071
-0.9811,1.4309,9.6867,-1.419,1.7354,9.547,0.0878,-1.6713,0.1797,0.0767,0.1606,-0.0741,67388.02,-21.09,-12.94,-38.16,104.24,-10.19,8.45,5,996.09,59.178,46.165314,15.866771,735.88,NaN,,5.33,12.226105,130.9,20 / 22,577504,2022-07-15 14:11:36:571
-0.2076,3.0879,6.9811,-0.7811,1.0301,9.7211,1.438,-0.4187,-1.7247,-0.113,-0.1352,-0.4593,66676.98,-19.65,-12.52,-39.23,111.35,-6.03,4.59,5,996.11,55.704,46.165302,15.866786,736.49,NaN,,5.15,12.226105,126.7,20 / 22,578005,2022-07-15 14:11:37:072
-1.2592,1.2455,6.6826,-1.3787,1.7176,9.5561,0.4423,-0.1311,-1.8958,0.0924,-0.1897,0.3871,67154,-16.14,-13.2,-38.98,107.99,-9.1,9.18,5,996.08,62.997,46.165302,15.866786,736.49,NaN,,5.15,12.226105,126.7,20 / 22,578505,2022-07-15 14:11:37:572
-0.0652,1.5392,8.1673,-0.4257,0.5464,9.7822,0.5306,0.7348,-0.8826,-0.1701,-0.3234,-0.3057,68749.02,-16.37,-12.3,-37.97,115.12,-4.9,4.33,5,996.15,59.552,46.165295,15.866801,737.04,NaN,,5.22,12.226105,126.8,21 / 23,579004,2022-07-15 14:11:38:071
-1.8395,-0.5833,8.5561,-1.6894,1.0769,9.5998,-1.5605,-0.1126,1.8072,-0.2718,-0.0564,0.3117,66332.99,-16.93,-8.17,-41.04,99.15,-6.3,9.98,5,996.1,66.136,46.165295,15.866801,737.04,NaN,,5.22,12.226105,126.8,21 / 23,579504,2022-07-15 14:11:38:571
0.4373,1.5057,8.0411,-1.209,0.9323,9.6871,0.2452,-1.1167,2.6673,-0.2679,0.1724,-0.6679,66670.02,-21.45,-7.35,-46.63,95.96,-5.46,7.11,5,996.1,60.967,46.165287,15.866814,737.09,NaN,,5.26,12.226105,126.4,21 / 23,580005,2022-07-15 14:11:39:072
-3.2249,0.6251,10.054,-1.7872,1.5887,9.5106,-1.7759,0.0952,1.7557,-0.1674,0.0799,0.425,67951.984,-24.6,-14.08,-48.11,102.62,-8.86,8.12,5,996.1,62.329,46.165287,15.866814,737.09,NaN,,5.26,12.226105,126.4,21 / 23,580505,2022-07-15 14:11:39:572
-1.3675,0.4953,12.0885,-1.554,1.3802,9.5839,0.8317,0.1335,2.038,-0.3782,-0.0205,-0.7801,67453.02,-22.72,-21.17,-45.96,111.73,-11.83,9.27,5,996.1,66.062,46.16528,15.866828,737.02,NaN,,5.29,12.226105,131,21 / 22,581005,2022-07-15 14:11:40:072
-5.0411,1.1928,12.8674,-1.4855,1.163,9.6235,-1.027,1.5282,0.8209,-0.2538,0.2634,0.4168,67628.99,-13.69,-21.26,-44.18,127.82,-6.81,8.77,5,996.13,64.039,46.16528,15.866828,737.02,NaN,,5.29,12.226105,131,21 / 22,581506,2022-07-15 14:11:40:573
-1.121,1.5386,11.3378,-1.9533,1.7818,9.4435,0.7886,-0.308,-0.7147,0.3057,0.0422,0.1862,66120.98,-10.71,-18.9,-42.68,120.42,-10.47,11.69,5,996.1,59.817,46.16527,15.86684,736.32,NaN,,5.29,12.226105,133.3,21 / 23,582005,2022-07-15 14:11:41:072
-2.348,2.3599,12.1448,-1.242,1.719,9.5746,-1.3634,0.9485,-0.0757,0.1471,-0.2563,-0.1022,66480.01,-8.59,-19.91,-41.04,136.65,-6.33,8.08,5,996.11,63.105,46.16527,15.86684,736.32,NaN,,5.29,12.226105,133.3,21 / 23,582504,2022-07-15 14:11:41:571
-0.3272,1.3232,9.7436,-1.1217,2.0027,9.5342,-0.3081,-0.613,-0.657,0.1468,-0.2069,0.1558,69380.016,-9.62,-20.36,-38.78,128.3,-11.35,8.38,5,996.14,63.922,46.165264,15.86685,735.66,NaN,,5.11,12.226105,134.2,20 / 23,583005,2022-07-15 14:11:42:072
-0.7501,2.2786,7.5153,-0.7932,0.7171,9.7482,0.5014,0.1726,-1.7021,0.1138,-0.2136,-0.4962,67995.99,-10.52,-18.3,-37.84,137.35,-4.19,4.65,5,996.13,63.902,46.165264,15.86685,735.66,NaN,,5.11,12.226105,134.2,20 / 23,583505,2022-07-15 14:11:42:572
-0.7783,0.7214,6.3105,-1.1588,1.0664,9.6794,-0.1227,-1.0729,-1.9221,0.3933,-0.0654,0.6347,66391.99,-7.41,-17.83,-38.04,140.44,-6.24,6.83,5,996.13,62.644,46.165257,15.866862,735.4,NaN,,5.26,12.226105,131.7,21 / 23,584005,2022-07-15 14:11:43:072
-0.801,2.2666,8.0118,-0.768,0.3754,9.7693,0.8873,0.2012,-1.3306,0.113,0.0959,-0.6406,65682.02,-6.04,-17.66,-34.97,150.47,-0.68,6.58,5,996.07,59.257,46.165257,15.866862,735.4,NaN,,5.26,12.226105,131.7,21 / 23,584505,2022-07-15 14:11:43:572
-1.3418,0.8369,6.0006,-1.4137,1.6984,9.5544,0.2299,-1.1117,-2.6815,0.2208,0.1013,0.6553,65893.98,-1.57,-12.77,-33.84,138.08,-8.21,8.99,5,996.18,62.716,46.16525,15.866875,735.64,NaN,,5.18,12.226105,129.4,20 / 23,585004,2022-07-15 14:11:44:071
-0.1442,1.0355,7.057,-1.0736,0.8664,9.7091,-0.6072,-1.4863,1.5792,-0.2661,-0.1363,-0.1881,67233.984,-8.48,-10.46,-35.21,120.56,-5.07,6.31,5,996.15,70.6,46.16525,15.866875,735.64,NaN,,5.18,12.226105,129.4,20 / 23,585505,2022-07-15 14:11:44:572
-1.3621,0.9864,7.4638,-1.3866,0.9463,9.6619,-0.8423,-2.0615,3.3797,0.4966,0.212,0.6545,66810.016,-14.1,-7.59,-37.63,103.22,-5.54,8.17,5,996.26,69.197,46.16524,15.866888,735.82,NaN,,5.4,12.226105,131.3,20 / 23,586004,2022-07-15 14:11:45:071
-0.4971,0.8351,8.8373,-1.0671,0.3889,9.7407,-0.7786,-0.5602,1.7035,-0.3757,0.0955,-0.1965,67914.99,-20.53,-11.89,-37.61,108.58,-5.85,5.74,5,996.2,66.812,46.16524,15.866888,735.82,NaN,,5.4,12.226105,131.3,20 / 23,586505,2022-07-15 14:11:45:572
0.2871,2.4126,6.9494,-1.2219,1.2189,9.6536,-2.011,0.5947,3.5211,0.5001,-0.1903,1.2248,69526.016,-18.75,-14.46,-39.53,111.19,-7.14,7.21,5,996.2,66.47,46.165234,15.866901,736.21,NaN,,5.51,12.226105,134.7,20 / 23,587005,2022-07-15 14:11:46:072
-1.6528,-0.7944,12.6239,-0.9495,1.1711,9.6901,0.1265,-0.3622,2.5693,-0.3567,0.0346,-0.3161,68756.984,-20.55,-15.64,-38.76,114.95,-6.86,5.6,5,996.26,64.631,46.165234,15.866901,736.21,NaN,,5.51,12.226105,134.7,20 / 23,587505,2022-07-15 14:11:46:572
-2.6088,0.1089,15.4403,-1.3574,1.4101,9.6093,-1.8814,0.673,2.8259,0.027,0.2374,0.2573,69958.016,-18.58,-15.54,-39.73,113.32,-8.27,8.04,5,996.2,62.893,46.16522,15.866915,735.43,NaN,,5.65,12.226105,134.4,20 / 23,588005,2022-07-15 14:11:47:072
-1.0869,0.1334,11.7368,-0.9001,1.2114,9.6898,0.4869,-0.1745,2.5802,-0.0756,-0.1011,-0.5536,70880,-19.59,-16.65,-38.48,112.97,-10.68,5.85,5,996.23,55.539,46.16522,15.866915,735.43,NaN,,5.65,12.226105,134.4,20 / 23,588504,2022-07-15 14:11:47:571
-2.6728,1.8072,13.6415,-1.0132,1.5627,9.6282,-0.2845,1.5768,-0.4673,-0.2828,0.4908,0.5534,69877.016,-17.78,-15.86,-39.68,113.83,-9.17,6.01,5,996.23,68.401,46.165207,15.86693,736.08,NaN,,5.72,12.226105,128.8,20 / 23,589004,2022-07-15 14:11:48:071
-1.3119,0.8477,11.8947,-1.2768,1.6509,9.582,0.973,0.0441,-0.9057,-0.6754,-0.1955,-0.7876,68127.01,-15.39,-15.17,-40.41,112.74,-9.69,7.59,5,996.21,63.001,46.165207,15.86693,736.08,NaN,,5.72,12.226105,128.8,20 / 23,589506,2022-07-15 14:11:48:573
-2.4897,1.6361,12.5958,-1.3682,1.0248,9.6565,-1.4543,0.6789,0.6751,-0.1177,0.0061,-0.2879,66055.03,-12.34,-12.75,-40.59,116.68,-6,8.06,5,996.13,66.205,46.1652,15.866946,735.32,NaN,,5.47,12.226105,124.7,20 / 23,590005,2022-07-15 14:11:49:072
-0.7543,1.1348,12.1179,-0.8175,1.8664,9.5926,0.5466,0.0186,-0.0705,0.0637,0.0265,-0.083,71926.99,-13.35,-13.14,-40.69,106.48,-11.41,5.01,5,996.19,66.559,46.1652,15.866946,735.32,NaN,,5.47,12.226105,124.7,20 / 23,590505,2022-07-15 14:11:49:572
-2.5005,2.5161,11.056,-1.1726,1.2276,9.6586,0.7225,0.3949,-2.7145,0.0711,-0.1721,-0.4224,67687.99,-14.96,-12.17,-41.77,109.11,-7.19,6.92,5,996.13,64.282,46.16519,15.866961,735.36,NaN,,5.36,12.226105,128.2,20 / 23,591005,2022-07-15 14:11:50:072
-0.5898,1.9137,8.0943,-1.3559,1.8945,9.5259,0.6432,-1.1796,-3.0403,-0.0697,-0.0062,-0.1633,69541,-17.33,-14.02,-44.29,104.1,-11.14,8.1,5,996.12,70.524,46.16519,15.866961,735.36,NaN,,5.36,12.226105,128.2,20 / 23,591505,2022-07-15 14:11:50:572
-0.2189,2.4861,7.0618,-0.8023,0.9605,9.7265,-0.542,-0.4188,-1.8654,-0.0831,-0.0602,-0.1969,70191.97,-22.89,-15.39,-46.12,111.69,-5.62,4.72,5,996.13,65.279,46.165184,15.866976,734.81,NaN,,5.36,12.226105,131.6,20 / 23,592005,2022-07-15 14:11:51:072
-0.877,0.6736,6.1292,-0.6051,2.0774,9.565,-0.5123,-1.3557,-3.7053,0.3719,-0.586,0.5719,69166.984,-22.72,-18.81,-46.57,111.18,-9.7,8.33,5,996.08,64.828,46.165184,15.866976,734.81,NaN,,5.36,12.226105,131.6,20 / 23,592505,2022-07-15 14:11:51:572
-1.1145,2.0459,5.7344,-9.00E-04,1.0424,9.7511,0.5871,-0.8997,0.9399,-0.072,-0.1159,-0.5357,73106.016,-26.34,-23.31,-41.62,125.29,-6.1,0.01,5,996.13,67.502,46.165176,15.86699,735.37,NaN,,5.72,12.226105,135.1,20 / 23,593004,2022-07-15 14:11:52:071
0.2285,1.413,5.4066,-1.1134,1.3188,9.6536,0.9689,-0.267,-2.2831,0.1954,-0.0782,1.2104,70176.984,-18.9,-22.31,-40.43,125.53,-7.73,6.58,5,996.1,68.934,46.165176,15.86699,735.37,NaN,,5.72,12.226105,135.1,20 / 23,593504,2022-07-15 14:11:52:571
-0.0317,0.5952,8.9468,-0.6276,0.2775,9.7826,0.4448,0.0182,-0.1984,-0.3002,-0.1733,-0.4171,68814.97,-20.83,-17.72,-39.32,125.82,-1.62,3.67,5,996.15,61.456,46.16517,15.867004,735.72,NaN,,5.69,12.226105,134.8,20 / 23,594004,2022-07-15 14:11:53:071
0.7454,1.6391,7.5326,-1.3845,1.5487,9.5841,1.9686,0.1964,-2.7532,0.1272,-0.0777,0.5834,67277.99,-16.39,-15.94,-40.73,116.58,-7.31,8.71,5,996.11,61.255,46.16517,15.867004,735.72,NaN,,5.69,12.226105,134.8,20 / 23,594505,2022-07-15 14:11:53:572
-0.8985,-0.0449,9.1807,-0.999,0.9316,9.711,1.2266,0.05,2.0889,-0.1161,-0.0414,-0.9986,67335.98,-20.81,-16.52,-38.93,118.38,-5.45,5.87,5,996.19,67.018,46.165157,15.867018,736.3,NaN,,5.44,12.226105,128.2,20 / 23,595005,2022-07-15 14:11:54:072
0.1795,1.5482,8.385,-0.9568,1.5726,9.6323,-1.6034,0.3388,2.0141,-0.2527,-0.0916,0.6871,68902.99,-16.84,-18.15,-38.94,119.63,-9.23,5.67,5,996.11,65.396,46.165157,15.867018,736.3,NaN,,5.44,12.226105,128.2,20 / 23,595505,2022-07-15 14:11:54:572
0.0796,0.7167,11.1583,-0.4431,1.3947,9.6969,0.9069,0.1141,1.7016,-0.3722,0.0062,-0.5336,71561.01,-20.53,-17.74,-38.16,118.93,-8.18,2.62,5,996.14,53.417,46.165154,15.867033,736.49,NaN,,5.29,12.226105,127,20 / 23,596005,2022-07-15 14:11:55:072
-1.3747,0.8506,15.2178,-0.9629,1.2241,9.6822,-1.2521,-0.1606,3.9211,-0.4358,-0.4042,0.206,69327.97,-16.69,-17.78,-38.89,121.13,-8.49,5.01,5,996.14,66.566,46.165154,15.867033,736.49,NaN,,5.29,12.226105,127,20 / 23,596505,2022-07-15 14:11:55:572
-0.5013,0.6323,12.6748,-0.5176,1.498,9.6777,1.1438,0.0665,-0.481,-0.5114,0.1019,-0.8423,72043.97,-16.39,-17.83,-38.85,123.54,-8.79,3.06,5,996.08,59.716,46.16514,15.867049,736.21,NaN,,5.65,12.226105,131.8,20 / 23,597004,2022-07-15 14:11:56:071
-2.0925,1.7019,12.8106,-1.1752,0.8854,9.6956,-0.8872,0.6519,2.1445,-0.0423,0.0215,0.409,70089.03,-15,-16.72,-39.54,124.43,-5.18,6.91,5,996.15,58.714,46.16514,15.867049,736.21,NaN,,5.65,12.226105,131.8,20 / 23,597504,2022-07-15 14:11:56:571
1.6552,0.4062,12.207,-0.5774,1.0532,9.7328,1.0707,-0.384,1.5491,0.1309,-0.0158,-0.478,69122.98,-19.5,-14.51,-39.34,115.13,-7.07,4.36,5,996.07,60.943,46.165127,15.867064,735.6,NaN,,5.69,12.226105,135,20 / 23,598004,2022-07-15 14:11:57:071
-4.9956,1.4973,13.6893,-1.1127,1.2405,9.664,-2.1257,0.5716,2.8762,0.255,0.1897,0.0415,68245,-20.19,-16.84,-39.49,126.44,-1.21,2.88,5,996.15,64.429,46.165127,15.867064,735.6,NaN,,5.69,12.226105,135,20 / 23,598505,2022-07-15 14:11:57:572
0.7962,0.384,12.256,-1.3813,1.3932,9.6084,1.0207,-0.198,-2.4489,0.0416,0.1355,-0.2971,68573.99,-15.52,-16.99,-38.62,118.61,-8.17,8.18,5,996.05,67.359,46.16512,15.867079,735.69,NaN,,5.72,12.226105,138.5,20 / 23,599005,2022-07-15 14:11:58:072
-2.5304,2.0955,10.3454,-0.6834,0.932,9.7383,0.3277,1.7861,-2.0301,0.2308,-0.1473,-0.5199,66231,-15.36,-14.89,-39.62,122.32,-5.45,4.01,5,996.11,65.987,46.16512,15.867079,735.69,NaN,,5.72,12.226105,138.5,20 / 23,599504,2022-07-15 14:11:58:571
-0.1376,0.0054,13.0433,-1.0721,1.4027,9.6464,0.5236,-0.2989,-1.6464,0.3496,0.1155,0.204,69766.99,-16.76,-16.37,-38.61,119,-6.55,6.13,5,996.04,61.686,46.165108,15.867095,735.49,NaN,,5.72,12.226105,135.9,20 / 23,600004,2022-07-15 14:11:59:071
-2.9426,2.3557,9.2842,-0.3951,0.5728,9.7819,0.1045,0.4865,-1.8979,0.1452,-0.0377,-0.5052,70645.98,-17.57,-16.76,-38.49,126.4,-3.04,3.65,5,996.04,60.524,46.165108,15.867095,735.49,NaN,,5.72,12.226105,135.9,20 / 23,600504,2022-07-15 14:11:59:571
-0.6449,0.9476,7.8335,-1.0026,0.9037,9.7133,-0.1289,-0.7476,-2.7137,0.4372,-0.2195,0.3348,67951.984,-14.06,-15.79,-39.41,124.95,-4.06,7.72,5,996.03,51.32,46.165096,15.86711,735.11,NaN,,5.54,12.226105,137.9,20 / 23,601004,2022-07-15 14:12:00:071
-0.0347,1.9172,6.9649,-0.5693,0.6165,9.7707,0.4167,0.2143,-1.5662,0.1343,0.2138,-0.2204,69722.98,-18.3,-16.14,-38.72,123.87,-3.6,3.33,5,996.04,63.351,46.165096,15.86711,735.11,NaN,,5.54,12.226105,137.9,20 / 23,601505,2022-07-15 14:12:00:572
-0.3721,1.3669,6.9984,-1.345,1.4317,9.6079,-0.0435,-1.1506,-3.4681,0.2167,0.0219,0.6274,69738.03,-16.09,-16.99,-39.06,119.54,-7.1,9.03,5,996.05,56.348,46.165085,15.867125,735.25,NaN,,5.8,12.226105,137.7,20 / 23,602005,2022-07-15 14:12:01:072
-0.1029,1.6768,8.6339,-0.9793,0.5161,9.744,0.6539,0.2501,0.1844,-0.2286,-0.247,-0.3854,67761.02,-17.72,-15.81,-38.74,117.76,-7.28,4.73,5,996.05,62.067,46.165085,15.867125,735.25,NaN,,5.8,12.226105,137.7,20 / 23,602505,2022-07-15 14:12:01:572
-0.6311,0.6574,7.3418,-1.6907,1.2815,9.5744,-1.9174,-1.5653,1.9698,0.2849,0.164,0.543,68640.01,-15.24,-14.27,-39.69,116.36,-5.67,8.36,5,996.09,61.355,46.165077,15.86714,735.43,NaN,,5.58,12.226105,131.9,20 / 23,603004,2022-07-15 14:12:02:071
-0.3069,0.5258,8.6979,-1.1352,0.1384,9.7397,-0.1474,0.167,0.9599,-0.669,0.1881,-0.7549,66641,-16.18,-14.4,-39.32,117.41,-5.28,6.53,5,996.05,61.654,46.165077,15.86714,735.43,NaN,,5.58,12.226105,131.9,20 / 23,603504,2022-07-15 14:12:02:571
-1.3543,1.0068,8.1954,-1.8609,1.5944,9.4955,-2.3176,-1.8243,1.2161,0.5973,0.2614,1.3273,67870.984,-13.35,-15.45,-39.69,117.8,-7.34,9.08,5,996.07,65.149,46.165066,15.867157,735.24,NaN,,5.69,12.226105,128.7,20 / 23,604005,2022-07-15 14:12:03:072
0.5527,1.1527,8.7942,-1.2175,1.5805,9.6016,0.0517,-0.7964,1.7105,-0.5629,0.0851,-0.3741,69986.98,-15.19,-17.89,-38.4,113.82,-13.54,9.51,5,996.04,61.822,46.165066,15.867157,735.24,NaN,,5.69,12.226105,128.7,20 / 23,604505,2022-07-15 14:12:03:572
-2.2026,1.4483,8.9701,-1.6841,1.2033,9.5857,-2.869,-0.2779,4.3654,0.1884,-0.0321,0.8961,67944.016,-15.26,-17.27,-39.37,123.73,-7.07,5.02,5,996.11,60.769,46.165054,15.867174,735.61,NaN,,5.72,12.226105,128.6,20 / 23,605005,2022-07-15 14:12:04:072
-1.7252,-0.7723,12.4373,-0.871,0.9431,9.7223,0.8567,-0.18,1.7842,-0.2834,-0.2749,-0.817,70360.99,-15.34,-17.06,-38.72,117.84,-9.98,6.93,5,996.09,54.586,46.165054,15.867174,735.61,NaN,,5.72,12.226105,128.6,20 / 23,605505,2022-07-15 14:12:04:572
-2.8792,1.6169,11.6237,-1.5787,1.4499,9.5695,-1.6397,-0.1946,1.7473,0.1013,0.1261,0.6387,68382.97,-12.94,-16.99,-39.66,123.69,-7.45,7.15,5,996.09,56.146,46.165047,15.867191,735.7,NaN,,5.76,12.226105,130.9,21 / 23,606004,2022-07-15 14:12:05:071
-1.2341,-0.2267,12.1771,-1.2632,1.8874,9.54,1.9452,-0.9595,2.7924,-0.6672,-0.1019,-1.024,70067.98,-13.74,-17.46,-38.7,116.3,-10.92,8.84,5,996.08,63.176,46.165047,15.867191,735.7,NaN,,5.76,12.226105,130.9,21 / 23,606504,2022-07-15 14:12:05:571
-5.2289,-0.6126,14.4048,-1.3084,1.4207,9.6146,-2.1273,0.7405,2.9527,0.1682,0.1946,-0.0922,70316.98,-12.56,-17.72,-38.57,131.14,-6.92,3.25,5,996.11,68.174,46.165035,15.867207,735.37,NaN,,5.87,12.226105,135.2,21 / 23,607004,2022-07-15 14:12:06:071
0.4845,1.0582,11.9539,-1.1001,1.2186,9.6683,1.3113,-0.8175,2.6295,-0.0911,0.0439,-0.3958,70506.99,-13.29,-17.46,-38.7,119.65,-9.8,8.23,5,996.18,64.507,46.165035,15.867207,735.37,NaN,,5.87,12.226105,135.2,21 / 23,607504,2022-07-15 14:12:06:571
-4.6977,1.7994,12.0461,-1.7811,0.7731,9.6125,-2.8451,0.5225,3.1562,-0.0234,0.5467,0.463,67870.984,-10.78,-16.59,-39.82,133.6,-4.09,5.68,5,996.13,56.189,46.165024,15.867221,735.84,NaN,,5.87,12.226105,138.7,21 / 23,608005,2022-07-15 14:12:07:072
1.2849,0.207,11.1015,-1.3062,2.4493,9.4056,0.678,-0.8929,-1.2483,-0.6019,-0.1477,-0.8154,71817.98,-13.2,-18.08,-38.83,117.15,-12.19,9.7,5,996.13,68.205,46.165024,15.867221,735.84,NaN,,5.87,12.226105,138.7,21 / 23,608505,2022-07-15 14:12:07:572
-4.7204,1.1862,13.6128,-0.6965,0.5122,9.7685,-2.0068,2.0272,1.4941,-0.1428,-0.0178,-0.4819,68332.01,-17.01,-17.53,-39.04,133.91,0.01,2.53,5,996.11,57.303,46.165012,15.867236,735.5,NaN,,5.94,12.226105,136,22 / 23,609005,2022-07-15 14:12:08:072
0.8387,0.9422,9.5354,-1.4796,1.9696,9.4922,1.7819,-1.4349,-0.8522,0.125,-0.0186,-0.2045,70154.98,-16.29,-18.26,-38.48,112.97,-13.2,10.85,5,996.08,65.909,46.165012,15.867236,735.5,NaN,,5.94,12.226105,136,22 / 23,609504,2022-07-15 14:12:08:571
-3.4564,1.0828,12.411,-1.333,0.6045,9.6968,-2.0579,0.7257,2.0667,0.1346,-0.0126,-0.1179,67527,-21.77,-18.3,-39.24,125.3,-0.39,4.62,5,996.1,63.217,46.165005,15.86725,736.09,NaN,,5.83,12.226105,135.5,22 / 23,610004,2022-07-15 14:12:09:071
-0.6538,-0.0843,11.6435,-1.6188,1.6253,9.5346,1.5602,-0.902,-3.0489,0.2522,-0.0525,-0.4228,65821.01,-21.41,-16.76,-39.71,115.01,-5.74,11.89,5,996.08,63.596,46.165005,15.86725,736.09,NaN,,5.83,12.226105,135.5,22 / 23,610505,2022-07-15 14:12:09:572
-2.8373,1.8897,12.35,-0.8268,0.815,9.7377,0.1112,2.0089,-2.3347,0.2237,-0.2251,-0.6506,68435.016,-13.31,-17.03,-39.49,132.77,-2.26,5.63,5,996.04,70.116,46.164993,15.867267,736.73,NaN,,5.9,12.226105,134.7,22 / 23,611005,2022-07-15 14:12:10:072
0.3715,1.3322,8.1553,-1.3081,2.3024,9.4423,1.6102,-0.7911,-2.7348,0.4545,-0.0847,0.4188,67798.016,-12.34,-18.19,-39.34,121.09,-10.47,9.66,5,996.03,66.141,46.164993,15.867267,736.73,NaN,,5.9,12.226105,134.7,22 / 23,611505,2022-07-15 14:12:10:572
-0.5803,3.1226,8.7165,-0.3615,1.5845,9.671,-0.056,1.518,-1.2724,0.401,-0.1101,-0.4223,70573.01,-14.4,-18.77,-37.41,138.38,-3.79,1.07,5,996.04,64.405,46.164986,15.867281,735.88,NaN,,5.72,12.226105,139.3,21 / 23,612004,2022-07-15 14:12:11:071
0.8668,2.5705,8.1924,-0.9284,2.3956,9.4641,-0.3958,-1.4431,-1.4373,0.3334,-0.0855,0.2275,76129,-14.77,-20.74,-36.43,126.04,-11.45,6.53,5,995.99,66.587,46.164986,15.867281,735.88,NaN,,5.72,12.226105,139.3,21 / 23,612504,2022-07-15 14:12:11:571
-1.5057,2.5017,8.4126,-0.6398,1.0265,9.7318,0.5762,0.2118,-1.6368,-0.1863,0.049,-0.399,72754,-15.97,-21,-35.81,133.33,-6.26,3.37,5,996.02,68.94,46.16497,15.867292,736.7,NaN,,5.76,12.226105,143.8,21 / 23,613004,2022-07-15 14:12:12:071
0.5001,1.4333,7.4375,-1.2302,2.6015,9.3749,-0.1922,-2.1315,-2.8789,0.4931,0.1313,0.6147,71458,-13.39,-18.75,-38.78,121.31,-11.21,9.07,5,996,67.887,46.16497,15.867292,736.7,NaN,,5.76,12.226105,143.8,21 / 23,613504,2022-07-15 14:12:12:571
-0.2195,1.9113,7.5864,-0.4538,0.8517,9.759,-0.4024,0.451,0.5332,-0.1414,0.2234,-0.3034,73303.99,-16.67,-20.61,-36.47,133.76,-4.98,2.66,5,996.04,70.598,46.16496,15.867304,737.41,NaN,,5.76,12.226105,142.9,21 / 23,614005,2022-07-15 14:12:13:072
-1.4255,0.5414,7.9986,-1.2425,1.6011,9.595,-1.0996,-0.4385,-1.1196,0.5123,-0.0367,0.5179,70294.03,-13.14,-18.88,-38.21,126.17,-8.91,7.86,5,996.02,55.938,46.16496,15.867304,737.41,NaN,,5.76,12.226105,142.9,21 / 23,614505,2022-07-15 14:12:13:572
-0.7095,1.6516,7.3382,-0.2213,1.0314,9.7498,-0.005,0.3521,0.9083,-0.5424,-0.1391,-0.5499,74277,-16.54,-21.13,-35.93,128.96,-9.48,2.29,5,996.06,58.18,46.164948,15.867314,737.55,NaN,,5.62,12.226105,146.3,20 / 23,615005,2022-07-15 14:12:14:072
-1.4973,0.5593,7.6624,-1.6198,2.2235,9.4129,0.5726,-0.8034,-1.8781,0.5353,0.1658,1.2033,71422.02,-14.81,-19.65,-35.04,123.62,-11.01,8.96,5,996.07,64.787,46.164948,15.867314,737.55,NaN,,5.62,12.226105,146.3,20 / 23,615505,2022-07-15 14:12:14:572
-1.4698,1.8096,8.8313,-1.3791,2.016,9.4976,1.5755,0.3975,2.3827,-0.3364,-0.1336,-0.5018,72790.99,-16.07,-20.94,-32.29,125.39,-11.86,8.26,5,996.08,61.538,46.164936,15.867324,738.02,NaN,,5.62,12.226105,146.9,20 / 23,616004,2022-07-15 14:12:15:071
-1.9831,3.6341,5.9557,-2.1074,2.9607,9.1084,-1.4122,-1.2215,4.4468,-0.9081,-0.4146,0.8381,75133.984,-10.86,-23.44,-33.28,123.6,-19.55,11.7,5,996.03,59.529,46.164936,15.867324,738.02,NaN,,5.62,12.226105,146.9,20 / 23,616504,2022-07-15 14:12:15:571
1.0863,2.5484,6.3242,-1.0141,2.3161,9.4751,1.1169,0.5131,2.3956,-1.0794,0.2763,0.0816,75163.01,-9.92,-26.12,-34.63,137.01,-17.41,6.2,5,995.97,63.765,46.16493,15.867335,738.22,NaN,,5.65,12.226105,142.1,20 / 23,617004,2022-07-15 14:12:16:071
-2.875,0.3583,11.6088,-0.9738,0.9331,9.7135,-1.0374,-0.2926,0.1268,-0.5677,0.1901,0.3159,70213.03,82.63,-67.65,5.79,231.1,-7.82,5.29,5,996.02,57.115,46.16493,15.867335,738.22,NaN,,5.65,12.226105,142.1,20 / 23,617505,2022-07-15 14:12:16:572
-0.5509,-0.5252,11.1458,-0.7323,1.3066,9.6916,4.1381,0.4534,2.174,0.982,-0.4714,-1.1131,68442.03,129.3,-21.47,-47.31,263.94,-7.66,4.32,5,996,56.523,46.164917,15.867347,737.75,NaN,,5.47,12.226105,139.9,20 / 23,618004,2022-07-15 14:12:17:071
-2.2313,1.3065,11.5765,-0.37,2.4756,9.4818,-3.1171,-0.2067,2.976,0.1927,0.4733,0.1995,79893,-6.6,-19.05,-37.54,147.61,-14.08,-1.81,5,996.01,61.248,46.164917,15.867347,737.75,NaN,,5.47,12.226105,139.9,20 / 23,618504,2022-07-15 14:12:17:571
1.1348,1.0696,14.0453,0.525,1.9235,9.6018,1.3986,-0.4121,0.5264,-0.1056,0.127,-0.3183,79710.01,-17.38,-21.86,-30.54,128.76,-14.87,-0.94,5,996.02,55.427,46.164906,15.86736,737.49,NaN,,5.83,12.226105,142.7,20 / 23,619005,2022-07-15 14:12:18:072
-0.3679,2.8415,11.1141,0.2929,1.9559,9.6052,-1.8954,0.7833,2.3004,0.273,0.0638,0.4701,77352.98,-15.67,-20.55,-33.86,133.13,-10.72,-1.34,5,996.01,49.943,46.164906,15.86736,737.49,NaN,,5.83,12.226105,142.7,20 / 23,619505,2022-07-15 14:12:18:572
1.2963,1.2132,13.9549,0.1744,2.058,9.5867,0.7233,0.7797,-2.1873,-0.1802,-0.2685,-0.3938,80676,-19.12,-21.36,-33.88,125.95,-12.11,-1.04,5,996.03,50.03,46.164894,15.867371,737.01,NaN,,5.65,12.226105,145.8,20 / 23,620006,2022-07-15 14:12:19:073
-0.6502,3.6024,10.8269,0.8292,2.3349,9.4885,-1.224,1.0834,-1.3838,-0.1324,-0.107,-0.0746,80208.02,-18.21,-20.33,-35.16,130.62,-11.05,-5.24,5,996.02,48.745,46.164894,15.867371,737.01,NaN,,5.65,12.226105,145.8,20 / 23,620505,2022-07-15 14:12:19:572
0.7011,1.3256,13.5601,0.1267,2.1334,9.571,-0.0984,0.2682,-0.9513,-0.1602,0.0593,0.4235,77792,-18.3,-20.98,-34.59,125.62,-12.2,0.63,5,996.04,57.349,46.164883,15.867382,737.09,NaN,,5.58,12.226105,146.8,20 / 23,621004,2022-07-15 14:12:20:071
-1.0379,2.817,11.464,0.029,2.2171,9.5527,-0.8871,1.2186,-0.9442,0.0033,0.2135,-0.0867,76810.01,-19.35,-19.89,-35.72,127.27,-10.24,-2.75,5,996.05,60.451,46.164883,15.867382,737.09,NaN,,5.58,12.226105,146.8,20 / 23,621504,2022-07-15 14:12:20:571
0.0604,2.4951,8.1117,0.1511,1.9426,9.6111,-0.2899,-0.5857,-3.3805,-0.2001,-0.2113,-0.0469,77264.016,-18.69,-20.04,-35.51,123.96,-11.43,-0.9,5,996.06,60.804,46.16487,15.867394,737.55,NaN,,5.44,12.226105,142.4,20 / 23,622005,2022-07-15 14:12:21:072
0.2626,3.3254,6.798,0.3303,1.6522,9.6608,-0.1565,-0.2571,-1.87,0.4408,0.0515,-0.1393,77096.01,-18.97,-19.03,-35.48,128.37,-7.77,-2.14,5,996.07,62.229,46.16487,15.867394,737.55,NaN,,5.44,12.226105,142.4,20 / 23,622505,2022-07-15 14:12:21:572
0.2512,2.3767,7.5356,-0.0187,2.3473,9.5216,-0.6681,-1.2065,-2.4231,0.2697,0.4544,0.3689,78392.01,-17.61,-21.24,-35.61,125.88,-12.81,-1.34,5,996.06,62.049,46.164864,15.867407,737.62,NaN,,5.4,12.226105,139.1,20 / 23,623005,2022-07-15 14:12:22:072
-1.0235,3.0215,6.5671,0.2168,2.0157,9.5948,-0.3326,0.1249,-3.0238,0.2543,0.0394,-0.4188,78200.984,-17.87,-21.26,-34.65,130.95,-9.74,-1.76,5,996.05,54.918,46.164864,15.867407,737.62,NaN,,5.4,12.226105,139.1,20 / 23,623504,2022-07-15 14:12:22:571
-0.3218,1.197,6.4068,-0.7193,1.7281,9.6264,0.4654,0.0251,-1.0211,0.4216,-0.1219,0.5471,74474.98,-15.71,-21.82,-36.37,129.82,-10.15,4.27,5,996.04,54.495,46.164852,15.86742,738.25,NaN,,5.4,12.226105,138.4,20 / 22,624005,2022-07-15 14:12:23:072
0.6395,2.1356,8.2044,-0.1634,1.7296,9.6515,0.4674,0.2853,-1.0194,-0.008,-0.1332,-0.1187,75953.98,-16.24,-20.91,-36.07,129.38,-11.19,1.06,5,996.03,56.861,46.164852,15.86742,738.25,NaN,,5.4,12.226105,138.4,20 / 22,624505,2022-07-15 14:12:23:572
-0.5474,0.5396,8.4054,-0.5613,1.5409,9.6686,0.5006,-0.4163,-1.024,-0.2505,0.0234,0.3138,72842.02,-13.99,-21.96,-35.98,131.9,-10.2,5.39,5,996.05,60.049,46.16484,15.867434,738.44,NaN,,5.62,12.226105,137.7,20 / 22,625004,2022-07-15 14:12:24:071
0.3823,0.4427,9.6586,-0.285,0.855,9.7652,1.0972,-0.2181,1.8554,-0.213,-0.0467,-0.2934,72081.02,-18.32,-18.54,-36.68,129.55,-5,1.67,5,996.07,69.137,46.16484,15.867434,738.44,NaN,,5.62,12.226105,137.7,20 / 22,625505,2022-07-15 14:12:24:572
0.9882,1.5015,10.3519,-0.0907,1.9253,9.6154,-0.4472,0.6524,0.754,-0.3041,0.2647,0.3189,75667.98,-16.44,-19.18,-35.78,125.36,-11.32,0.54,5,996.04,67.114,46.164833,15.867449,738.72,NaN,,5.51,12.226105,136.6,20 / 22,626006,2022-07-15 14:12:25:073
-0.8201,-0.0305,11.7434,-0.1596,1.0359,9.7505,1.6276,-0.5346,1.6441,-1.0314,-0.0097,-1.0448,75002.02,-19.58,-18.69,-34.26,119.29,-12.33,0.31,5,996.04,66.612,46.164833,15.867449,738.72,NaN,,5.51,12.226105,136.6,20 / 22,626506,2022-07-15 14:12:25:573
0.2435,1.5637,8.8732,-0.6954,1.6454,9.6426,-0.4088,-0.0285,2.2694,-0.4613,-0.1032,0.3297,74175.01,-16.54,-18.71,-36.02,123.67,-10.16,2.88,5,995.99,68.708,46.164825,15.867462,738.68,NaN,,5.44,12.226105,137.7,20 / 23,627006,2022-07-15 14:12:26:073
-1.2413,-0.4355,13.2867,-0.1804,1.7149,9.6539,1.1934,0.0504,0.8947,-0.5183,-0.0599,-1.1031,74490.03,-18.3,-19.59,-34.86,126.16,-10.07,1.07,5,995.95,69.544,46.164825,15.867462,738.68,NaN,,5.44,12.226105,137.7,20 / 23,627505,2022-07-15 14:12:26:572
-1.5972,1.873,13.1707,-0.7157,1.6822,9.6347,-1.6509,0.7653,1.3596,-0.3038,-0.1454,0.3889,73457.016,-12.9,-20.66,-36.47,133.23,-9.88,4.25,5,995.99,71.118,46.16481,15.867475,738.4,NaN,,5.69,12.226105,140.1,21 / 23,628005,2022-07-15 14:12:27:072
1.0546,2.0512,10.5147,-0.1313,2.0557,9.5879,1.0313,-0.3612,1.0498,-0.0704,-0.2032,-0.2482,77249.98,-15.26,-22.12,-35.46,130.79,-11.59,3.39,5,996.02,65.929,46.16481,15.867475,738.4,NaN,,5.69,12.226105,140.1,21 / 23,628505,2022-07-15 14:12:27:572
-1.9825,2.7027,10.9896,-0.671,2.2188,9.5288,-0.6048,0.9409,0.6549,0.2051,-0.027,0.2256,74423.01,-15.38,-23.21,-36.45,134.75,-9.81,2.92,5,996,63.785,46.1648,15.867486,737.69,NaN,,5.62,12.226105,142.3,20 / 23,629004,2022-07-15 14:12:28:071
0.1184,1.4572,10.5643,-0.1725,1.7257,9.6521,0.6191,-0.1641,-3.0734,0.2349,-0.1186,-0.5205,76041.99,-17.55,-21.45,-35.64,127.68,-10.14,1.02,5,996.02,60.227,46.1648,15.867486,737.69,NaN,,5.62,12.226105,142.3,20 / 23,629504,2022-07-15 14:12:28:571
-1.8772,2.0459,12.2752,0.2454,1.1136,9.7401,-1.5216,1.1449,-3.1798,0.2208,0.3781,0.1777,73647.97,-13.22,-20.62,-36.26,144.16,-6.52,-1.44,5,996.04,64.579,46.16479,15.867498,737.49,NaN,,5.4,12.226105,142.3,19 / 23,630004,2022-07-15 14:12:29:071
0.3661,2.0094,8.4317,-0.4819,1.8734,9.614,0.6668,-0.2475,-3.4403,0.3194,0.1834,0.294,74585.01,-11.38,-20.59,-36.96,139.77,-9.01,2.68,5,996.04,64.301,46.16479,15.867498,737.49,NaN,,5.4,12.226105,142.3,19 / 23,630504,2022-07-15 14:12:29:571
-2.1488,2.9091,7.876,-0.4464,1.0693,9.738,-1.2536,1.8654,-2.2626,-0.0522,0.0323,-0.2494,72659.98,-13.69,-20.29,-36.82,140.44,-3.29,1.17,5,996.06,60.193,46.16478,15.867508,736.86,NaN,,5.4,12.226105,145.8,19 / 23,631004,2022-07-15 14:12:30:071
-0.9559,0.457,10.2461,-0.2763,2.0665,9.5825,0.1184,-3.4197,2.4857,0.1431,0.2069,-0.1097,76481.016,-16.16,-21.66,-37.2,128.99,-12.16,1.65,5,996.05,62.616,46.16478,15.867508,736.86,NaN,,5.4,12.226105,145.8,19 / 23,631505,2022-07-15 14:12:30:572
-0.9888,3.2046,8.3198,0.2019,1.5786,9.6767,-0.7971,0.2877,-1.5779,-0.2027,-0.0086,-0.2301,78194.03,-13.76,-22.86,-35.38,142.06,-9.26,-1.2,5,996.06,65.302,46.16477,15.867519,736.16,NaN,,5.65,12.226105,148,19 / 23,632005,2022-07-15 14:12:31:072
-0.0173,1.5864,8.3845,0.0156,1.9293,9.615,1.3055,-0.1757,-2.0247,-0.1055,0.3624,0.3125,78883,-14.33,-23.14,-35.55,138.39,-11.54,-0.65,5,996.09,67.246,46.16477,15.867519,736.16,NaN,,5.65,12.226105,148,19 / 23,632505,2022-07-15 14:12:31:572
-0.9141,1.7737,8.0112,-0.4888,1.3848,9.6961,-0.3053,0.16,-1.7201,0.2368,0.0282,-0.2075,72849.984,-14.64,-21.28,-35.66,135.12,-6.86,2.5,5,996.06,67.035,46.164757,15.867529,736.21,NaN,,5.54,12.226105,147.8,19 / 23,633006,2022-07-15 14:12:32:073
-0.6191,1.9621,6.6718,-1.317,0.9368,9.6726,0.8936,-0.7651,0.1752,0.5019,-0.2234,0.2671,67805.98,-8.64,-18.86,-38.72,137.25,-5.48,7.75,5,996.1,61.92,46.164757,15.867529,736.21,NaN,,5.54,12.226105,147.8,19 / 23,633504,2022-07-15 14:12:32:571
-0.5892,2.0459,7.2197,-1.1356,0.5567,9.7248,-0.0694,0.1067,-2.1764,-0.3059,0.0646,-0.2458,68134.98,-8.96,-18.37,-38.96,139.62,-3.25,6.66,5,996.08,65.382,46.164745,15.86754,735.53,NaN,,5.69,12.226105,146.9,19 / 22,634004,2022-07-15 14:12:33:071
-0.338,0.7322,7.7856,-1.0308,0.911,9.7097,-0.2897,-1.197,-0.1714,0.4424,-0.3118,0.5499,68808.016,-8.44,-17.42,-39.49,138.12,-3.73,7.48,5,996.09,62.433,46.164745,15.86754,735.53,NaN,,5.69,12.226105,146.9,19 / 22,634504,2022-07-15 14:12:33:571
0.1519,0.4624,7.663,-0.4498,0.7336,9.7688,0.8869,-0.1693,-2.3801,-0.1589,0.0389,-0.3589,71655.98,-13.13,-18.79,-38.1,136.33,-4.52,3.49,5,996.06,60.141,46.164734,15.867551,736.11,NaN,,5.76,12.226105,146.8,19 / 22,635004,2022-07-15 14:12:34:071
0.4229,1.206,5.2271,-0.5383,1.1383,9.7255,0.415,-1.0997,4.3891,0.2434,0.2712,0.4152,73215.97,-10.48,-19.12,-38.14,140.25,-6.67,3.17,5,996.08,64.582,46.164734,15.867551,736.11,NaN,,5.76,12.226105,146.8,19 / 22,635504,2022-07-15 14:12:34:571
-0.5629,0.2393,8.9719,-0.4549,0.667,9.7734,-0.2692,-1.357,3.2803,-0.4406,0.422,-0.4572,73186,-12.56,-18.96,-38.27,138.05,-3.9,2.67,5,996.12,59.817,46.16472,15.86756,736.37,NaN,,5.62,12.226105,149.1,19 / 22,636004,2022-07-15 14:12:35:071
-1.1856,-0.2758,11.1135,-1.015,0.5928,9.7359,-0.2781,-1.0238,2.4385,-0.2092,0.4081,0.5893,69489.02,-8.72,-18.68,-38.87,141.32,-5.53,4.75,5,996.12,60.99,46.16472,15.86756,736.37,NaN,,5.62,12.226105,149.1,19 / 22,636504,2022-07-15 14:12:35:571
0.7316,1.3771,11.2331,-0.6416,0.9708,9.7374,1.31,0.4559,1.6544,-0.4195,-0.0068,-0.86,73582.02,-10.22,-20.06,-38.4,138.45,-9.14,3.42,5,996.15,60.838,46.164703,15.86757,736.56,NaN,,5.8,12.226105,153.7,19 / 22,637005,2022-07-15 14:12:36:072
-0.9398,0.944,9.4235,-1.3938,1.1717,9.6361,-1.5097,0.4246,1.7116,-0.1345,0.1742,0.9696,70506.99,-9.53,-18.24,-29.32,136.13,-6.86,8.23,5,996,69.952,46.164703,15.86757,736.56,NaN,,5.8,12.226105,153.7,19 / 22,637505,2022-07-15 14:12:36:572
-0.7723,-0.3081,13.6528,-0.3426,1.1209,9.7364,0.3276,0.0678,2.0763,-0.1151,-0.1858,-0.4585,74614.03,-5.36,-19.01,-36.68,156.76,-6.56,2.02,5,995.97,71.256,46.164692,15.867577,736.54,NaN,,5.29,12.226105,156,19 / 22,638005,2022-07-15 14:12:37:072
-2.3462,-0.3529,16.0624,-0.9433,0.5169,9.7475,-1.1274,1.6307,0.5996,-0.6348,0.5185,0.2939,73119.984,-9.96,-22.39,-37.48,147.01,-5.72,2.89,5,996.15,60.243,46.164692,15.867577,736.54,NaN,,5.29,12.226105,156,19 / 22,638504,2022-07-15 14:12:37:571
-0.1268,0.7352,11.6913,-0.7756,1.5947,9.645,0.2742,-0.0341,-2.3989,-0.274,-0.1784,-0.3787,73933.02,-10.24,-19.05,-38.61,133.8,-9.36,4.6,5,996.08,67.96,46.16468,15.867585,736.5,NaN,,5.47,12.226105,155.8,19 / 22,639004,2022-07-15 14:12:38:071
-1.2694,3.0861,7.6851,-0.4926,1.2199,9.718,-1.5143,1.6804,-2.4991,-0.4496,0.553,0.4459,72594.02,-11.04,-19.26,-38.27,137.73,-7.15,2.9,5,996.27,73.386,46.16468,15.867585,736.5,NaN,,5.47,12.226105,155.8,19 / 22,639504,2022-07-15 14:12:38:571
0.5677,1.7198,9.3906,-0.7334,0.8682,9.7406,0.1762,0.2714,-3.2782,0.358,-0.2621,0.2437,69752.01,-10.86,-16.07,-39.11,132.12,-5.08,4.31,5,996.15,55.209,46.16467,15.867594,736.61,NaN,,5.4,12.226105,152.6,19 / 22,640006,2022-07-15 14:12:39:073
-1.5864,2.3623,8.9222,0.0558,0.7329,9.7791,-1.0574,1.1808,-1.9846,0.18,-0.1666,-0.5257,72593.016,-12.11,-16.74,-38.74,144.93,-1.01,-0.81,5,996.12,50.816,46.16467,15.867594,736.61,NaN,,5.4,12.226105,152.6,19 / 22,640505,2022-07-15 14:12:39:572
0.4199,1.4859,6.7119,-0.444,1.0317,9.7421,0.2105,-1.1399,-0.5883,0.0476,-0.0884,0.1897,73793.98,-11.94,-18.47,-38.89,135.2,-6.04,2.61,5,996.14,57.979,46.16466,15.867604,737.13,NaN,,5.4,12.226105,149,20 / 23,641004,2022-07-15 14:12:40:071
0.5509,1.4596,6.8166,0.0512,0.8511,9.7695,0.5274,-0.3304,-0.9369,0.0883,0.1613,-0.4931,76158.97,-12.99,-19.43,-37.71,140.67,-4.98,-0.3,5,996.18,65.008,46.16466,15.867604,737.13,NaN,,5.4,12.226105,149,20 / 23,641504,2022-07-15 14:12:40:571
0.2118,1.5075,5.0064,-0.698,1.2798,9.6977,0.008,-1.5789,0.0579,0.1839,-0.0916,0.4588,73896.98,-9.24,-19.8,-37.39,142.38,-7.5,4.12,5,996.15,63.641,46.164646,15.867613,736.61,NaN,,5.44,12.226105,149.7,22 / 23,642004,2022-07-15 14:12:41:071
1.468,1.1103,6.743,0.2239,0.4801,9.7923,0.7552,-0.2196,-0.1228,0.2336,-0.1733,-0.1553,74922.03,-13.78,-18.24,-37.41,140.86,-0.92,0.25,5,996.12,63.853,46.164646,15.867613,736.61,NaN,,5.44,12.226105,149.7,22 / 23,642504,2022-07-15 14:12:41:571
1.6373,2.5065,12.3571,-0.143,1.8877,9.6222,-3.5767,-0.8419,2.7136,-0.2172,0.075,0.4274,75177.99,-11.57,-19.26,-37.16,132.65,-11.1,0.85,5,996.14,67.306,46.164635,15.867624,736.9,NaN,,5.4,12.226105,147.6,22 / 23,643005,2022-07-15 14:12:42:072
0.3655,1.3729,10.6564,-0.1354,0.9622,9.7584,-0.1015,-1.5963,4.8749,-0.6209,-0.0566,-0.36,74334.984,-13.27,-21.58,-35.12,143.88,-5.63,0.8,5,996.13,57.479,46.164635,15.867624,736.9,NaN,,5.4,12.226105,147.6,22 / 23,643505,2022-07-15 14:12:42:572
-0.0371,1.1109,9.3589,-0.8553,1.1719,9.6987,-0.3978,-1.358,3.3234,-0.379,-0.177,0.7129,74234.01,-20.64,-23.01,-35.53,127.93,-6.86,5.04,5,996.12,66.603,46.164623,15.867633,736.93,NaN,,5.4,12.226105,155.2,22 / 23,644004,2022-07-15 14:12:43:071
1.1605,0.2991,11.3964,-0.2138,0.9355,9.7596,1.1884,-1.2866,3.872,-0.4855,0.1889,-0.6316,74540.99,-23.4,-21.67,-33.37,125.24,-8.69,1.52,5,996.12,64.011,46.164623,15.867633,736.93,NaN,,5.4,12.226105,155.2,22 / 23,644504,2022-07-15 14:12:43:571
-0.4822,2.5507,12.4122,-0.7348,1.6499,9.6389,-1.2219,0.9494,1.3292,0.0573,-0.5896,0.8128,73933.02,-13.65,-19.46,-33.81,128.6,-9.69,4.36,5,996.16,70.871,46.16461,15.867642,737.18,NaN,,5.33,12.226105,149.8,22 / 24,645005,2022-07-15 14:12:44:072
1.386,1.4794,10.526,-0.0868,2.0957,9.5797,0.5423,-0.3814,-0.2339,0.1148,-0.0489,-0.2763,77923.016,-13.13,-19.78,-32.46,133.76,-12.34,0.52,5,996.13,66.292,46.16461,15.867642,737.18,NaN,,5.33,12.226105,149.8,22 / 24,645505,2022-07-15 14:12:44:572
-0.2046,1.1133,14.2391,-0.6118,1.8767,9.6059,-1.0652,0.5906,0.0668,0.2971,0.2353,-0.0699,74599.99,-12.79,-19.05,-34.41,129.13,-11.03,3.64,5,996.06,66.879,46.1646,15.867654,737.34,NaN,,5.44,12.226105,147.2,22 / 24,646004,2022-07-15 14:12:45:071
0.3182,2.2965,12.1938,0.3703,1.9354,9.6066,1.3291,0.8707,0.138,-0.2762,-0.5188,-0.6596,78172.02,-13.35,-20.36,-34.24,133.23,-11.71,0.9,5,996.08,59.8,46.1646,15.867654,737.34,NaN,,5.44,12.226105,147.2,22 / 24,646504,2022-07-15 14:12:45:571
-1.2963,3.0054,9.8303,0.1805,1.5657,9.6792,-0.0748,0.5617,-3.2426,0.0287,0.2082,-0.1465,76385.98,-13.01,-21.49,-34.5,140.99,-9.19,-1.07,5,996.04,60.612,46.16459,15.867664,737.45,NaN,,5.26,12.226105,148.7,21 / 24,647004,2022-07-15 14:12:46:071
0.2662,2.0656,7.5494,-0.1495,1.9285,9.614,0.4182,-0.7371,-2.6818,0.3619,-0.0137,0.3149,76736.98,-10.78,-21.9,-35.42,141.9,-11.34,0.89,5,996.09,57.014,46.16459,15.867664,737.45,NaN,,5.26,12.226105,148.7,21 / 24,647504,2022-07-15 14:12:46:571
-0.6544,2.8044,8.2164,0.0168,1.4433,9.6999,0.8709,0.1544,-1.21,0.1999,0.257,-0.1449,78523.97,-12.67,-21.6,-35.4,142.07,-8.46,-0.1,5,996.11,66.717,46.164577,15.867673,736.69,NaN,,4.9,12.226105,151.1,21 / 24,648004,2022-07-15 14:12:47:071
-0.8351,1.4177,7.727,-0.1653,1.491,9.6912,0.0842,-0.3681,-0.7261,-0.0967,-2.00E-04,0.0644,74701.984,-9.6,-21.37,-36.81,143.07,-8.94,2.05,5,996.08,62.866,46.164577,15.867673,736.69,NaN,,4.9,12.226105,151.1,21 / 24,648505,2022-07-15 14:12:47:572
2.0692,1.2221,8.991,-0.1022,1.1534,9.738,0.5213,-1.5316,3.8826,0.0437,-0.0634,-0.2321,76122.99,-12.79,-20.36,-36.75,139.23,-6.75,0.6,5,996.11,58.525,46.16457,15.86768,735.95,NaN,,4.79,12.226105,155.2,21 / 24,649005,2022-07-15 14:12:48:072
1.0636,2.0572,8.4227,-0.9792,1.6974,9.6089,-0.1918,-0.3593,2.9592,-0.0297,-0.128,0.8272,75024.02,-11.29,-22.03,-37.44,136.51,-9.97,5.82,5,996.09,50.111,46.16457,15.86768,735.95,NaN,,4.79,12.226105,155.2,21 / 24,649504,2022-07-15 14:12:48:571
-0.274,0.5414,11.8176,-0.6489,1.0867,9.7246,-0.3215,-2.1497,6.6317,0.0589,0.4359,-0.2286,73427.984,-12.3,-20.89,-37.18,135.25,-10.31,3.19,5,996.07,56.423,46.164555,15.867687,735.71,NaN,,4.86,12.226105,152.9,21 / 24,650005,2022-07-15 14:12:49:072
-1.2628,1.6804,11.5675,-0.6001,2.3356,9.5055,-0.3713,0.4652,0.8025,-0.1953,-0.1555,0.6488,76385.98,-11.04,-21.73,-36.54,143.49,-10.11,0.36,5,996.1,57.393,46.164555,15.867687,735.71,NaN,,4.86,12.226105,152.9,21 / 24,650505,2022-07-15 14:12:49:572
-1.5422,-1.1151,16.6445,0.3551,1.9637,9.6015,1.4817,0.3259,2.7555,-0.1329,-0.1731,-0.8435,78802,-13.82,-21.66,-35.46,138.69,-11.55,-2.12,5,996.1,54.519,46.164543,15.867695,735.39,NaN,,5,12.226105,150.7,21 / 24,651005,2022-07-15 14:12:50:072
-2.2445,2.2582,11.7811,-0.4813,2.0413,9.5798,-0.6141,1.0158,1.8464,-0.0108,0.2285,-0.1707,77849.984,-12.43,-22.99,-35.44,138.16,-12.01,2.88,5,996.11,56.448,46.164543,15.867695,735.39,NaN,,5,12.226105,150.7,21 / 24,651505,2022-07-15 14:12:50:572
0.8776,1.2849,12.018,-0.2908,1.952,9.606,1.4501,0.1569,0.8384,-0.2231,-0.176,-0.3898,76291,-11.81,-21.32,-35.76,131.69,-12.98,3.35,5,996.1,47.759,46.164536,15.867705,734.89,NaN,,5.18,12.226105,151.5,21 / 24,652005,2022-07-15 14:12:51:072
-2.4712,2.3838,13.0283,-0.1708,1.4807,9.6927,-0.9248,0.5348,-2.8338,-0.0456,-0.1125,-0.0791,74393.98,-10.03,-20.47,-36.73,146.11,-6.88,0.58,5,996.13,61.831,46.164536,15.867705,734.89,NaN,,5.18,12.226105,151.5,21 / 24,652504,2022-07-15 14:12:51:571
1.3633,1.943,10.9071,-0.3469,2.194,9.5518,0.5265,-0.1772,-3.0018,-0.1135,-0.153,-0.5749,74959.02,-9.62,-21.69,-36.62,140.95,-10.12,3.75,5,996.13,62.236,46.164524,15.867713,733.88,NaN,,5.11,12.226105,152,21 / 24,653004,2022-07-15 14:12:52:071
-1.4949,2.854,8.1846,-0.3153,1.6958,9.6538,0.2529,0.9607,-2.9112,0.1676,0.1179,-0.3435,75052.984,-9.84,-23.53,-34.65,147.74,-9.96,1.87,5,996.13,49.341,46.164524,15.867713,733.88,NaN,,5.11,12.226105,152,21 / 24,653504,2022-07-15 14:12:52:571
-0.4038,1.7617,8.1332,-0.6132,2.0734,9.5653,0.1822,-0.1464,-3.2562,0.038,-0.0929,0.3761,73800.99,-7.33,-23.36,-35.51,148.39,-10.91,4.47,5,996.15,62.929,46.164513,15.867721,733.64,NaN,,5.08,12.226105,153.7,21 / 24,654004,2022-07-15 14:12:53:071
-1.5284,2.3133,8.4526,-0.1069,0.6493,9.7845,0.907,-0.399,0.3866,0.086,0.0444,-0.2862,72205.02,-9.6,-22.63,-35.93,151.42,-5.68,0.86,5,996.13,64.238,46.164513,15.867721,733.64,NaN,,5.08,12.226105,153.7,21 / 24,654506,2022-07-15 14:12:53:573
-0.1896,1.9884,7.1593,-0.7378,1.1493,9.7111,-0.5225,-0.8454,-2.4469,0.3678,-0.1586,0.4094,68837.984,-5.92,-19.5,-38.14,150.01,-4.61,4.86,5,996.13,65.505,46.1645,15.86773,733.5,NaN,,5.33,12.226105,152.5,21 / 24,655005,2022-07-15 14:12:54:072
0.0461,2.3689,5.7637,-0.1931,1.0313,9.7504,0.2329,0.2216,-1.303,-0.0868,-0.2211,-0.2888,72096.01,-9.36,-21.56,-36.36,150.37,-5.72,2.29,5,996.13,68.336,46.1645,15.86773,733.5,NaN,,5.33,12.226105,152.5,21 / 24,655505,2022-07-15 14:12:54:572
-0.8674,-0.0843,8.6429,-0.9217,1.7104,9.6122,-0.403,-2.3166,0.4465,0.4617,-0.0307,0.5767,71084.99,-4.65,-21.51,-35.81,150.25,-8.31,7.32,5,996.13,70.414,46.16449,15.867739,733.41,NaN,,5.4,12.226105,153.6,20 / 24,656005,2022-07-15 14:12:55:072
-0.9009,1.8586,7.2688,-0.4747,1.4014,9.6944,-0.3266,-1.4455,4.2601,-0.2425,0.0481,-0.2508,75017.01,-7.56,-21.75,-34.03,147.86,-11.47,2.28,5,996.13,67.333,46.16449,15.867739,733.41,NaN,,5.4,12.226105,153.6,20 / 24,656506,2022-07-15 14:12:55:573
-1.3681,0.1053,8.4227,-1.3909,1.1904,9.6342,-1.73,-1.9718,5.6595,0.3012,-0.2511,0.7595,70375.03,-4.29,-20.74,-35.18,149.28,-9.39,8.3,5,996.13,70.63,46.164474,15.867747,732.37,NaN,,5.29,12.226105,153.3,20 / 24,657005,2022-07-15 14:12:56:072
-0.0257,0.8375,9.271,-0.0144,0.9481,9.7607,-0.1335,-1.3253,4.6313,-0.0482,0.1455,-0.6868,73721.01,-11.14,-19.12,-36.13,141.45,-8.02,-0.01,5,996.16,59.806,46.164474,15.867747,732.37,NaN,,5.29,12.226105,153.3,20 / 24,657505,2022-07-15 14:12:56:572
-1.8257,0.4911,11.7835,-1.0347,1.3345,9.6602,-1.2913,-1.5013,3.976,-0.0577,-0.0531,0.8855,72644.984,-7.18,-19.8,-36.58,140.07,-9.27,7.38,5,996.13,61.672,46.164463,15.867755,731.5,NaN,,5.18,12.226105,153.4,21 / 24,658005,2022-07-15 14:12:57:072
0.3697,1.3771,9.6144,-0.2378,1.7262,9.6506,0.5571,0.2157,1.5169,-0.233,0.3978,-0.3579,75141,-11.25,-19.74,-36.21,133,-11.98,3.43,5,996.15,64.309,46.164463,15.867755,731.5,NaN,,5.18,12.226105,153.4,21 / 24,658504,2022-07-15 14:12:57:571
-2.3581,-0.2052,17.2391,-1.092,1.7776,9.5822,-1.5882,0.9351,1.4586,0.0591,0.4268,0.1581,73069.02,-9.47,-21.17,-36.73,143.88,-9.65,2.54,5,996.16,74.702,46.164455,15.867763,731.07,NaN,,5.26,12.226105,150.7,22 / 24,659005,2022-07-15 14:12:58:072
0.5174,2.7338,10.59,-0.4048,2.2004,9.548,0.361,0.2644,1.7909,0.1378,-0.0971,-0.5086,75220.99,-9.32,-21.21,-36.82,136.68,-13.07,3.99,5,996.19,73.867,46.164455,15.867763,731.07,NaN,,5.26,12.226105,150.7,22 / 24,659505,2022-07-15 14:12:58:572
-1.8975,3.0963,12.1412,-0.7083,2.2939,9.5082,-1.1974,0.8035,1.8162,0.2353,0.112,0.1481,74116.016,-7.78,-22.5,-35.18,145.59,-12.54,2.57,5,996.1,64.457,46.164444,15.867773,730.61,NaN,,5.08,12.226105,151,22 / 24,660005,2022-07-15 14:12:59:072
0.9505,1.9944,11.2546,-0.3025,2.1598,9.5611,0.3265,-0.0216,-1.7336,0.0055,-0.1526,-0.2788,75552.01,-7.63,-22.09,-35.66,145.18,-10.85,3.84,5,996.17,69.102,46.164444,15.867773,730.61,NaN,,5.08,12.226105,151,22 / 24,660504,2022-07-15 14:12:59:571
-1.2957,2.924,11.1326,0.0152,1.9565,9.6095,-0.4758,0.492,-1.5521,0.1946,0.0328,-0.3509,75785.02,-11.4,-21.32,-35.29,145.28,-9.23,-0.89,5,996.14,60.645,46.164433,15.867783,730.49,NaN,,5.18,12.226105,152.1,22 / 23,661005,2022-07-15 14:13:00:072
-0.2411,2.6512,9.0592,-0.3981,2.4198,9.4951,-0.1661,-0.0513,-1.6011,0.2072,-0.0157,0.2313,75573,-8.57,-22.39,-35.1,143.22,-12.21,2.66,5,996.17,60.441,46.164433,15.867783,730.49,NaN,,5.18,12.226105,152.1,22 / 23,661504,2022-07-15 14:13:00:571
-1.2676,2.6782,8.4682,-0.2515,2.0936,9.5773,-0.6731,0.5913,-1.46,0.1851,0.1067,-0.3372,75009.984,-9.96,-22.16,-35.53,147.56,-9.64,-0.07,5,996.17,70.828,46.16442,15.867791,729.61,NaN,,5.11,12.226105,153.4,22 / 23,662005,2022-07-15 14:13:01:072
-0.5007,2.0967,9.3547,-0.8041,2.0697,9.552,-0.3749,-1.2438,-0.5397,-0.117,-0.3264,0.0367,73134.97,-7.48,-22.67,-36.3,145.11,-11.98,5.81,5,996.21,74.278,46.16442,15.867791,729.61,NaN,,5.11,12.226105,153.4,22 / 23,662506,2022-07-15 14:13:01:573
0.0012,3.5839,6.2734,-0.0793,1.5585,9.6817,0.4215,-0.1566,-1.1898,0.1867,0.0053,0.2315,74900.03,-11.83,-21.09,-36.51,141.38,-8.07,0.75,5,996.19,71.453,46.16441,15.867798,729.68,NaN,,5.33,12.226105,152.7,22 / 23,663005,2022-07-15 14:13:02:072
0.655,2.1356,6.2967,0.025,1.8902,9.6227,-0.1617,-1.0198,-0.7102,0.3577,-0.211,0.5388,74871,-11.47,-20.87,-37.26,139.21,-10.07,2.06,5,996.22,71.888,46.16441,15.867798,729.68,NaN,,5.33,12.226105,152.7,22 / 23,663504,2022-07-15 14:13:02:571
0.454,2.1117,5.5561,0.402,1.7388,9.6429,0.2901,0.2537,-3.7483,-0.0588,-0.0324,-0.3464,76979.03,-14.04,-22.09,-35.34,139.44,-10.05,-1.19,5,996.22,67.825,46.16439,15.867806,730.03,NaN,,5.22,12.226105,151.3,21 / 23,664005,2022-07-15 14:13:03:072
-0.1902,1.6929,5.455,-0.4963,1.6103,9.6608,-1.4221,-1.4054,3.6643,0.4554,0.0439,0.5709,75903.01,-9,-22.63,-35.96,147.4,-10.51,2.08,5,996.19,71.628,46.16439,15.867806,730.03,NaN,,5.22,12.226105,151.3,21 / 23,664505,2022-07-15 14:13:03:572
0.3308,1.337,9.9075,0.0404,1.1873,9.7344,0.1847,-1.1915,2.7147,-0.0937,0.3611,-0.4058,77886.02,-12.83,-22.5,-36.49,140.18,-10.39,-0.62,5,996.19,69.752,46.164383,15.867812,730.35,NaN,,5.15,12.226105,154,21 / 23,665004,2022-07-15 14:13:04:071
0.2279,2.3252,6.7813,-0.7193,2.0086,9.5718,-1.508,-1.6695,4.6108,0.2689,0.2433,0.9123,76627.016,-7.89,-23.47,-36.43,145.18,-12.75,3.47,5,996.2,73.198,46.164383,15.867812,730.35,NaN,,5.15,12.226105,154,21 / 23,665504,2022-07-15 14:13:04:571
-0.2261,0.5372,12.1998,0.0311,2.056,9.5887,1.2569,-0.0682,1.6621,-0.1936,0.1855,-0.4213,78787.016,-11.66,-23.55,-34.82,143.6,-12.1,-0.19,5,996.19,70.857,46.164368,15.867819,730.79,NaN,,5.22,12.226105,155.5,22 / 23,666005,2022-07-15 14:13:05:072
0.4965,1.7258,6.8913,-0.6005,1.9148,9.5991,-1.3864,0.859,2.7081,0.485,0.0558,1.0059,75052.984,-9.45,-22.67,-35.79,148.16,-11.7,0.74,5,996.16,72.278,46.164368,15.867819,730.79,NaN,,5.22,12.226105,155.5,22 / 23,666505,2022-07-15 14:13:05:572
-0.14,0.4534,13.3412,0.4245,1.6977,9.6492,0.6973,0.4025,2.2061,-0.3835,-0.2065,-0.817,78384.984,-11.68,-22.14,-34.93,139.12,-13.47,-0.93,5,996.17,70.423,46.164356,15.867826,730.34,NaN,,5.18,12.226105,155.4,22 / 23,667005,2022-07-15 14:13:06:072
-2.0166,1.1803,13.8186,-0.4449,1.9296,9.6046,-1.4528,0.7337,2.0571,-0.2055,0.7608,0.2506,78604.02,-10.41,-22.72,-34.37,148.19,-12.96,-1.45,5,996.17,67.008,46.164356,15.867826,730.34,NaN,,5.18,12.226105,155.4,22 / 23,667505,2022-07-15 14:13:06:572
1.8491,2.3641,10.1683,-0.0484,2.0363,9.5928,0.457,-0.0262,-1.0249,-0.1593,-0.2513,-0.6315,77301,-12.51,-21.49,-35.29,135.24,-11.98,0.29,5,996.21,66.153,46.164345,15.867834,729.8,NaN,,5.36,12.226105,156,22 / 24,668004,2022-07-15 14:13:07:071
-4.4267,1.1803,13.4124,-0.1409,1.8251,9.6343,-1.4746,0.8559,-0.8326,-0.1965,0.3161,0.4542,74262.016,-12.56,-21.96,-35.46,144.15,-8.4,-1.64,5,996.2,65.579,46.164345,15.867834,729.8,NaN,,5.36,12.226105,156,22 / 24,668504,2022-07-15 14:13:07:571
1.0439,1.9878,11.1715,-0.0973,2.1396,9.5699,0.098,-0.3015,-1.0596,0.1421,-0.1715,0.0338,75543.98,-10.05,-21.86,-35.79,141.34,-12.08,1.99,5,996.19,61.806,46.164333,15.867843,729.51,NaN,,5.33,12.226105,154.1,22 / 24,669005,2022-07-15 14:13:08:072
-2.5065,2.5615,11.7906,-0.7627,1.761,9.617,-1.1029,0.8925,-0.5559,0.1055,0.1963,-0.1084,72006.98,-9.21,-20.79,-36.34,147.52,-7.38,2.15,5,996.2,58.651,46.164333,15.867843,729.51,NaN,,5.33,12.226105,154.1,22 / 24,669505,2022-07-15 14:13:08:572
0.2794,2.1864,9.1101,-0.8459,1.6362,9.6321,-0.4994,-0.5144,-3.7113,0.0405,-0.2739,0.2083,70331.02,-8.55,-19.82,-37.54,137.76,-9.6,5.02,5,996.23,62.19,46.16432,15.867854,729.17,NaN,,5.33,12.226105,149.1,22 / 24,670005,2022-07-15 14:13:09:072
-0.2303,2.6794,8.263,-0.2377,1.2789,9.72,0.183,0.1282,-2.0615,0.0149,0.1946,-0.3839,72022.98,-10.72,-19.41,-36.41,142.12,-6.28,1.03,5,996.22,65.358,46.16432,15.867854,729.17,NaN,,5.33,12.226105,149.1,22 / 24,670505,2022-07-15 14:13:09:572
0.0227,2.1715,8.3671,-0.5545,1.4703,9.6799,-0.5105,-0.6832,-3.0445,0.1979,0.0234,0.1978,71444.03,-6.84,-19.87,-37.2,149.74,-7.67,2.66,5,996.24,63.019,46.16431,15.867867,729.63,NaN,,5.22,12.226105,146.5,22 / 24,671005,2022-07-15 14:13:10:072
-0.8919,2.741,7.1007,-0.0179,1.3516,9.713,-0.4227,0.0976,-2.1763,0.2482,-0.0892,-0.2979,74284.97,-7.44,-20.91,-36.75,156.88,-6.34,0.26,5,996.22,61.295,46.16431,15.867867,729.63,NaN,,5.22,12.226105,146.5,22 / 24,671504,2022-07-15 14:13:10:571
-0.3326,1.7103,5.0321,-0.4842,1.5689,9.6682,-0.2054,-0.5676,-0.5217,0.2752,-0.0992,0.5963,74131,-7.07,-21.17,-36.51,149.27,-9.21,2.87,5,996.19,67.209,46.1643,15.867879,729.51,NaN,,5.29,12.226105,153.3,22 / 23,672004,2022-07-15 14:13:11:071
0.5599,1.4273,8.5627,-0.2008,1.1382,9.7383,0.1358,0.3481,-0.847,-0.16,-0.0416,-0.0948,76503.016,-10.59,-21.3,-35.83,144.46,-7.26,1.04,5,996.16,68.38,46.1643,15.867879,729.51,NaN,,5.29,12.226105,153.3,22 / 23,672504,2022-07-15 14:13:11:571
-0.4271,1.145,6.2674,-0.7263,1.8239,9.6081,0.0978,0.0326,-0.9603,-0.0628,-0.1548,0.5442,74424.016,-7.82,-20.7,-36.99,141.56,-10.43,5,5,996.19,74.73,46.164288,15.867888,729.64,NaN,,5.29,12.226105,154.6,22 / 23,673005,2022-07-15 14:13:12:072
0.8895,1.1186,9.7717,0.1117,1.0957,9.7446,0.2526,0.019,-1.4828,-0.1966,-0.1105,-0.498,77733,-11.12,-20.34,-35.78,144.3,-7.89,-0.52,5,996.23,73.582,46.164288,15.867888,729.64,NaN,,5.29,12.226105,154.6,22 / 23,673505,2022-07-15 14:13:12:572
-0.0197,1.1061,8.7535,-0.3231,1.8218,9.6305,-0.1206,0.3496,3.1863,-0.0299,0.0098,0.5601,76795.97,-6.96,-21.71,-36.49,151.29,-10.71,1.92,5,996.22,60.33,46.164276,15.867897,730.24,NaN,,5.47,12.226105,153.9,22 / 24,674005,2022-07-15 14:13:13:072
0.1759,0.749,8.8092,0.6278,2.0196,9.5759,1.7467,-1.1601,4.048,-0.1616,-0.8232,-0.9969,78794.984,-9.84,-21.73,-34.95,142.88,-14.04,-0.48,5,996.2,48.913,46.164276,15.867897,730.24,NaN,,5.47,12.226105,153.9,22 / 24,674505,2022-07-15 14:13:13:572
0.5097,1.2526,10.7671,-0.9907,2.1437,9.5181,-0.0115,0.2875,2.7619,-0.6444,0.2329,0.8129,76326.98,-9.36,-25.09,-34.07,144.17,-14.31,4.37,5,996.18,66.752,46.164265,15.867906,730.76,NaN,,5.58,12.226105,157,22 / 23,675005,2022-07-15 14:13:14:072
-0.1777,1.3681,12.192,0.0104,1.6053,9.6744,0.2589,-0.4481,3.0496,-0.7297,0.2318,-0.5276,78370,-11.29,-22.39,-34.69,139.69,-14.07,-0.2,5,996.19,58.913,46.164265,15.867906,730.76,NaN,,5.58,12.226105,157,22 / 23,675504,2022-07-15 14:13:14:571
-1.8921,0.1172,16.1055,0.074,2.4635,9.4919,0.0273,1.2902,0.9753,-0.2256,0.1609,0.4687,77638.03,-9.79,-22.01,-35.53,141.53,-14.55,-0.45,5,996.18,48.798,46.16425,15.867914,731.29,NaN,,5.62,12.226105,156.3,22 / 23,676004,2022-07-15 14:13:15:071
0.4941,2.3426,12.6491,-0.1674,2.3936,9.5086,0.7052,0.2141,1.6183,0.1,0.1703,-0.337,78735.984,-11.87,-22.09,-34.39,137.43,-13.65,0.49,5,996.17,50.386,46.16425,15.867914,731.29,NaN,,5.62,12.226105,156.3,22 / 23,676504,2022-07-15 14:13:15:571
-2.6363,0.2088,15.2285,-0.5997,2.2123,9.535,-1.3728,0.5722,1.9359,0.0645,0.171,0.1191,77051.99,-9.08,-22.99,-34.67,143.81,-13.95,2,5,996.18,67.685,46.164234,15.867923,731.76,NaN,,5.51,12.226105,154.3,22 / 23,677006,2022-07-15 14:13:16:073
1.4447,1.6959,11.8259,-0.0333,1.6338,9.6695,0.3581,1.0918,0.4921,-0.3128,-0.1151,-0.3228,76429.984,-9.6,-21.13,-35.61,139.05,-12.16,2.08,5,996.19,54.641,46.164234,15.867923,731.76,NaN,,5.51,12.226105,154.3,22 / 23,677505,2022-07-15 14:13:16:572
-0.3135,2.5962,11.1308,0.2096,2.1598,9.5636,-0.2838,0.5366,-1.1496,-0.2337,0.6035,0.0958,78582.016,-19.89,-24.26,-34.33,129.43,-12.72,-1.26,5,996.18,52.732,46.164223,15.867933,732.28,NaN,,5.54,12.226105,152.4,22 / 23,678004,2022-07-15 14:13:17:071
1.6923,2.0154,11.0644,0.3197,1.8835,9.6188,0.3274,-0.0519,-0.8906,-0.0806,-0.1591,-0.1591,78259.98,-19.67,-24.92,-34.86,131.7,-11.52,-0.66,5,996.19,65.756,46.164223,15.867933,732.28,NaN,,5.54,12.226105,152.4,22 / 23,678504,2022-07-15 14:13:17:571
-1.2395,2.3934,12.8758,-0.0833,1.5838,9.6775,-0.856,0.9943,0.5601,0.0875,0.2298,-0.2447,76752.02,-14.29,-22.82,-35.36,145.43,-6.51,-1.65,5,996.2,61.503,46.16421,15.867943,731.83,NaN,,5.44,12.226105,154.3,22 / 23,679004,2022-07-15 14:13:18:071
0.8859,1.5147,9.8088,-0.2148,1.9217,9.6141,-0.5741,-1.3239,-2.4982,0.2231,-0.0823,0.1063,75499.97,-8.08,-21.3,-36.69,146.59,-11.3,1.28,5,996.19,52.877,46.16421,15.867943,731.83,NaN,,5.44,12.226105,154.3,22 / 23,679504,2022-07-15 14:13:18:571
-1.0355,2.8164,9.7424,0.0375,1.2012,9.7327,0.2575,0.618,-2.3491,0.356,0.3519,-0.2353,73494,-7.48,-21.02,-36.21,157.33,-7.04,-0.22,5,996.18,62.348,46.1642,15.867951,731.28,NaN,,5.65,12.226105,154.1,22 / 23,680004,2022-07-15 14:13:19:071
0.3075,1.7354,8.7063,-0.5555,2.1841,9.5442,0.0559,-0.8269,-2.8034,0.3693,-0.0685,0.5052,76817.98,-6.94,-21.15,-36.36,144.16,-11.22,4.68,5,996.2,62.423,46.1642,15.867951,731.28,NaN,,5.65,12.226105,154.1,22 / 23,680504,2022-07-15 14:13:19:571
-1.1647,2.8851,10.3531,-0.0141,1.9326,9.6143,-0.6066,1.3818,-3.0802,0.1659,-0.4022,-0.3464,73436.02,-8.27,-21.73,-34.33,152.02,-8.7,1.41,5,996.11,66.315,46.164185,15.86796,731.14,NaN,,5.29,12.226105,154.4,22 / 23,681006,2022-07-15 14:13:20:073
-0.4277,2.5926,6.1059,-0.7462,2.2526,9.5152,1.1245,-0.2944,-1.4148,-0.0425,-0.0452,0.3085,75632,-7.95,-23.14,-35.31,143.57,-13.28,4.48,5,996.18,55.824,46.164185,15.86796,731.14,NaN,,5.29,12.226105,154.4,22 / 23,681504,2022-07-15 14:13:20:571
-0.4205,2.7709,6.1699,-0.2697,1.3965,9.703,0.4838,0.0669,-1.2866,0.0877,-0.1353,0.0019,75508,-10.26,-21.6,-35.83,146.62,-8.19,1.59,5,996.17,52.872,46.164173,15.867969,731.84,NaN,,5.58,12.226105,155.1,22 / 23,682004,2022-07-15 14:13:21:071
-0.2752,1.2574,7.0331,-0.6634,1.973,9.5832,-0.4988,-1.8599,1.0721,0.2792,-0.1391,0.3049,74921.02,-8.92,-21.69,-36.06,140.03,-11.74,4.95,5,996.17,61.894,46.164173,15.867969,731.84,NaN,,5.58,12.226105,155.1,22 / 23,682504,2022-07-15 14:13:21:571
-1.0869,2.129,8.4156,-0.5147,1.1421,9.7263,0.0313,0.309,-1.0706,-0.22,-0.0883,-0.1623,77212.984,-9.79,-22.11,-35.18,145.22,-7.57,3.31,5,996.13,63.939,46.16416,15.867979,732.28,NaN,,5.51,12.226105,152.1,22 / 23,683004,2022-07-15 14:13:22:071
-0.804,0.7956,6.5839,-1.4555,1.2328,9.6194,-0.8382,-0.4761,2.1859,0.5289,-0.5555,0.5173,70139.99,-6.06,-20.01,-37.33,143.25,-7.22,8.6,5,996.15,64.044,46.16416,15.867979,732.28,NaN,,5.51,12.226105,152.1,22 / 23,683504,2022-07-15 14:13:22:571
-0.4893,1.5667,7.7079,-0.7556,1.1948,9.7042,0.538,-0.4196,1.0583,-0.3502,0.3671,-0.431,75301.99,-10.35,-19.72,-36.41,140.66,-7,4.45,5,996.15,60.176,46.164146,15.867989,732.49,NaN,,5.29,12.226105,149.7,22 / 23,684004,2022-07-15 14:13:23:071
-0.3482,1.9268,8.8786,-0.8655,1.7063,9.6182,-1.5346,-1.2149,2.1018,-0.0727,-0.252,0.3906,74570.02,-8.42,-20.64,-36.3,138.77,-12.35,5.48,5,996.17,58.301,46.164146,15.867989,732.49,NaN,,5.29,12.226105,149.7,22 / 23,684505,2022-07-15 14:13:23:572
-0.6514,0.6568,8.8851,-0.3752,0.8458,9.7629,0.3856,-0.0774,0.84,-0.2665,0.556,-0.4022,74014.02,-12.88,-20.66,-35.68,138.88,-8.51,0.81,5,996.18,66.043,46.164135,15.867999,731.16,NaN,,5.4,12.226105,149.2,22 / 23,685006,2022-07-15 14:13:24:073
0.3559,1.8299,7.3998,-0.7916,1.314,9.6859,-1.3395,0.7283,1.8785,0.3492,-0.009,0.7102,73831.03,-7.82,-19.22,-37.44,141.82,-7.7,4.67,5,996.17,57.748,46.164135,15.867999,731.16,NaN,,5.4,12.226105,149.2,22 / 23,685505,2022-07-15 14:13:24:572
-0.1555,-0.0407,12.9769,-0.044,0.941,9.7613,1.305,0.2583,1.39,-0.2776,-0.2471,-0.7751,74753.016,-11.19,-18.83,-36.82,143.99,-5.51,0.26,5,996.15,56.26,46.164124,15.868009,730.86,NaN,,5.44,12.226105,148.6,22 / 23,686005,2022-07-15 14:13:25:072
-0.9529,1.5105,12.0844,-0.6682,1.6175,9.6492,-1.5214,0.7785,2.1887,-0.058,0.3312,0.2489,74020.98,-8.81,-20.14,-37.01,143.2,-9.59,1.84,5,996.16,54.25,46.164124,15.868009,730.86,NaN,,5.44,12.226105,148.6,22 / 23,686505,2022-07-15 14:13:25:572
-0.4947,1.3011,10.9448,-0.1509,1.683,9.66,0.5636,-0.0602,1.4253,0.0186,-0.2712,-0.7635,75990.016,-9.58,-21.75,-35.46,141.47,-12.32,2.03,5,996.16,64.831,46.164112,15.868019,731.01,NaN,,5.4,12.226105,149.6,22 / 24,687004,2022-07-15 14:13:26:071
-2.2732,2.2313,11.3803,-0.4483,2.0929,9.5702,-0.4837,1.247,-0.4731,-0.2225,0.2382,0.3076,72945.02,-6.94,-22.24,-35.08,148.53,-12.32,2.68,5,996.16,68.982,46.164112,15.868019,731.01,NaN,,5.4,12.226105,149.6,22 / 24,687504,2022-07-15 14:13:26:571
0.6203,2.0919,11.6064,-0.4158,2.104,9.5693,1.3369,0.2709,-0.4835,0.0433,-0.2875,0.0102,74313.99,-9.13,-21.86,-34.43,143.77,-12.39,2.49,5,996.16,65.128,46.1641,15.868029,730.92,NaN,,5.54,12.226105,150.7,22 / 24,688006,2022-07-15 14:13:27:073
-1.0463,2.5831,11.5849,-0.4629,1.5143,9.678,-1.4495,1.0382,1.64,-0.026,-0.0059,-0.057,71898.03,-8.16,-20.74,-34.48,151.25,-7.75,1.55,5,996.16,61.274,46.1641,15.868029,730.92,NaN,,5.54,12.226105,150.7,22 / 24,688504,2022-07-15 14:13:27:571
1.0516,1.8485,10.7007,-0.5127,2.1923,9.5447,1.8013,-0.3051,0.2209,-0.017,-0.1435,-0.2067,74672.016,-8.79,-20.49,-33.75,133.57,-14.1,4.98,5,996.17,49.912,46.16409,15.868038,730.68,NaN,,5.26,12.226105,148.9,22 / 24,689004,2022-07-15 14:13:28:071
-1.7833,2.199,13.6959,-0.1619,0.9676,9.7575,-0.5009,0.7655,-3.1278,-0.2246,-0.1311,-0.0634,71575.99,-8.25,-18.79,-33.79,151.18,-5.66,0.95,5,996.16,61.866,46.16409,15.868038,730.68,NaN,,5.26,12.226105,148.9,22 / 24,689505,2022-07-15 14:13:28:572
0.5665,1.6917,8.123,-0.6205,2.1805,9.541,0.6027,-1.2825,-3.0975,0.3459,-0.0526,0.2805,75925.016,-7.65,-18.69,-34.87,136.68,-12.85,3.72,5,996.15,65.7,46.164078,15.868048,730.8,NaN,,5.29,12.226105,150.5,22 / 23,690005,2022-07-15 14:13:29:072
-0.5934,2.744,7.858,-0.6846,1.2709,9.6998,-0.1723,1.007,-2.1761,0.3252,-0.1614,-0.1645,71245.984,-8.08,-19.97,-35.08,148.15,-4.09,4.75,5,996.18,70.46,46.164078,15.868048,730.8,NaN,,5.29,12.226105,150.5,22 / 23,690505,2022-07-15 14:13:29:572
0.2064,2.5478,8.9288,-0.7691,2.2586,9.512,1.1757,-0.1894,-3.0786,0.3129,-0.0476,0.3607,75104.016,-7.56,-19.84,-36.04,136.8,-12.19,5.49,5,996.16,65.739,46.164062,15.868057,730.96,NaN,,5.54,12.226105,151.6,22 / 23,691005,2022-07-15 14:13:30:072
-0.5856,2.9791,8.2995,-0.5351,1.2679,9.7096,-0.6384,-0.2869,-0.9425,0.0247,-0.2459,-0.3331,74958.01,-9.13,-20.74,-35.23,146.31,-7.43,3.15,5,996.18,66.999,46.164062,15.868057,730.96,NaN,,5.54,12.226105,151.6,22 / 23,691505,2022-07-15 14:13:30:572
0.7161,2.0626,7.0373,-0.8327,1.9378,9.5772,-0.0274,-1.3496,-2.2773,0.0958,0.0113,0.5276,74409.03,-8.25,-20.72,-36.21,140.88,-11.4,4.97,5,996.17,66.053,46.16405,15.868068,730.38,NaN,,5.54,12.226105,151.5,22 / 23,692004,2022-07-15 14:13:31:071
-0.8189,2.2199,5.735,-0.5281,1.4379,9.6863,-0.4262,-0.1129,-3.0227,-0.0166,0,-0.0407,73230.01,-9.96,-20.96,-35.48,142.91,-7.6,3.82,5,996.14,63.182,46.16405,15.868068,730.38,NaN,,5.54,12.226105,151.5,22 / 23,692505,2022-07-15 14:13:31:572
0.1466,1.2072,7.1432,-1.0932,1.6496,9.6049,0.1166,-0.4571,0.3554,0.5606,0.2024,0.3508,72621.97,-7.2,-20.4,-36.47,141.44,-9.68,6.49,5,996.18,64.569,46.16404,15.868079,730.54,NaN,,5.62,12.226105,151.8,22 / 23,693004,2022-07-15 14:13:32:071
-0.8943,3.07,6.9775,-0.9479,1.4154,9.6576,0.7023,0.331,-0.7198,-0.0508,-0.2379,-0.0654,72585.99,-6.02,-22.61,-34.65,152.21,-8.3,5.61,5,996.15,69.014,46.16404,15.868079,730.54,NaN,,5.62,12.226105,151.8,22 / 23,693504,2022-07-15 14:13:32:571
-0.0281,0.7041,8.2277,-1.2538,1.7487,9.5677,0.8651,-0.147,-1.9943,0.0634,-0.0683,0.5544,71158.03,-5.42,-21.64,-36.23,147.96,-10.27,7.47,5,996.21,61.135,46.16403,15.868089,729.42,NaN,,5.62,12.226105,152.1,22 / 23,694004,2022-07-15 14:13:33:071
-0.9547,1.3962,9.0203,-1.0425,0.9338,9.7063,0.4058,0.7298,-0.5444,-0.2721,0.1391,-0.3436,71385.03,-8.01,-21.54,-35.78,148.45,-7.52,4.1,5,996.18,52.983,46.16403,15.868089,729.42,NaN,,5.62,12.226105,152.1,22 / 23,694505,2022-07-15 14:13:33:572
-0.2016,1.2425,7.6911,-1.2879,1.814,9.551,-1.7959,-0.2242,1.6952,-0.3051,-0.2794,0.5516,70024.03,-3.38,-20.27,-37.41,148.55,-10.66,7.68,5,996.21,49.984,46.164017,15.868101,730.07,NaN,,5.83,12.226105,148.8,22 / 23,695005,2022-07-15 14:13:34:072
-1.2903,1.133,9.1202,-1.0143,1.1149,9.6901,1.4832,-0.8187,2.2991,-0.5101,-0.1102,-0.6544,71847,-6.71,-19.71,-37.11,145.56,-6.53,5.98,5,996.19,54.509,46.164017,15.868101,730.07,NaN,,5.83,12.226105,148.8,22 / 23,695506,2022-07-15 14:13:34:573
-1.3519,0.8614,9.8178,-1.4329,1.2006,9.6268,-1.2417,-1.4147,4.4166,-0.0447,-0.0053,0.6919,69166.984,-3.02,-19.18,-38.27,149.11,-7.03,8.47,5,996.17,55.547,46.16401,15.868112,729.56,NaN,,5.29,12.226105,149.1,22 / 23,696004,2022-07-15 14:13:35:071
-0.5408,0.9135,12.8213,-0.6398,1.2573,9.7047,0.5577,-0.2755,2.2123,-0.7598,-0.3015,-0.7085,71993.01,-8.78,-21.32,-37.46,135.88,-11.8,6,5,996.17,52.222,46.16401,15.868112,729.56,NaN,,5.29,12.226105,149.1,22 / 23,696504,2022-07-15 14:13:35:571
-3.405,0.3787,14.854,-1.5867,1.8397,9.501,-1.0337,0.0244,1.9093,-0.4433,0.1427,0.4876,70279.99,-6.15,-21.41,-36.64,139.3,-10.81,9.48,5,996.17,55.46,46.163994,15.868121,729.38,NaN,,5.58,12.226105,152.3,22 / 23,697005,2022-07-15 14:13:36:072
0.0311,1.0953,12.5438,-1.3532,1.6249,9.576,-0.0943,-0.9703,3.554,0.1058,0.0263,-0.0864,71649.02,-5.72,-19.71,-36.96,141.13,-9.54,8.04,5,996.18,57.642,46.163994,15.868121,729.38,NaN,,5.58,12.226105,152.3,22 / 23,697505,2022-07-15 14:13:36:572
-4.0762,0.8118,13.7252,-1.7871,2.174,9.3942,-1.8205,-0.0106,3.0553,0.0079,0.3916,-0.2666,72308.03,-6.24,-22.12,-36.3,137.68,-12.81,10.77,5,996.2,63.826,46.163982,15.86813,728.93,NaN,,5.69,12.226105,152.6,22 / 23,698005,2022-07-15 14:13:37:072
-1.9286,1.8185,11.8367,-1.7218,1.5219,9.5336,-0.8856,0.0432,1.2771,-0.0639,0.0263,-0.2428,70309.016,-3.07,-22.57,-36.09,148.5,-10.9,11,5,996.22,58.011,46.163982,15.86813,728.93,NaN,,5.69,12.226105,152.6,22 / 23,698504,2022-07-15 14:13:37:571
-3.9751,1.483,9.8172,-2.2707,1.4923,9.4227,-1.0933,0.871,-0.3772,-0.3955,0.1629,0.7726,66458.01,-0.94,-19.89,-38.03,145.15,-8.75,13.55,5,996.21,55.097,46.163967,15.868138,728.61,NaN,,5.72,12.226105,153.5,22 / 23,699005,2022-07-15 14:13:38:072
-0.1083,0.3027,13.4919,-1.866,1.1432,9.5594,0.6897,0.743,-0.9119,-0.2031,-0.322,0.1753,64218.016,-1.46,-18.62,-38.59,149.64,-6.69,11.05,5,996.18,56.339,46.163967,15.868138,728.61,NaN,,5.72,12.226105,153.5,22 / 23,699505,2022-07-15 14:13:38:572
-5.5663,-0.7286,14.1948,-2.2642,0.3182,9.5364,-1.9573,1.0327,0.2439,0.0325,0.2271,0.0046,64026.996,-1.28,-16.33,-40.05,145.28,-1.86,13.36,5,996.18,50.553,46.16396,15.868146,727.96,NaN,,5.72,12.226105,151.8,22 / 23,700004,2022-07-15 14:13:39:071
0.2465,0.6317,12.204,-0.6339,1.9478,9.5903,0.6383,-0.6947,0.839,0.329,-0.4861,0.1305,67900.01,-1.46,-17.19,-38.93,149.73,-8.82,7.91,5,996.17,53.625,46.16396,15.868146,727.96,NaN,,5.72,12.226105,151.8,22 / 23,700505,2022-07-15 14:13:39:572
-1.8712,1.5577,11.9139,-0.5774,0.9686,9.7416,-1.0208,1.2013,-1.0927,0.571,0.3635,0.3164,72513.02,-8.94,-20.74,-36.06,147.43,-5.67,3.39,5,996.17,50.598,46.163944,15.868155,728.01,NaN,,5.83,12.226105,152,23 / 23,701004,2022-07-15 14:13:40:071
-0.0849,1.3914,8.0542,-0.297,1.3747,9.7053,0.1834,0.0855,-2.5218,0.0776,-0.9373,-0.206,69020.98,-6.54,-18.43,-37.46,147.31,-8.06,1.75,5,996.17,52.648,46.163944,15.868155,728.01,NaN,,5.83,12.226105,152,23 / 23,701504,2022-07-15 14:13:40:571
-0.9093,2.3994,9.9296,-0.4201,1.7079,9.6476,0.296,0.9933,-2.5398,0.2785,-0.2703,-0.1123,74210.984,-7.5,-19.72,-36.71,144.21,-10.03,2.49,5,996.15,48.96,46.163933,15.868163,728.13,NaN,,5.51,12.226105,151.9,23 / 23,702004,2022-07-15 14:13:41:071
-0.1663,1.876,8.592,-0.3219,1.7592,9.6422,-0.1472,-0.0691,-1.7833,0.2662,-0.2165,-2.00E-04,74138.02,-6.24,-21.3,-36.45,152.47,-8.14,3.54,5,996.17,55.582,46.163933,15.868163,728.13,NaN,,5.51,12.226105,151.9,23 / 23,702504,2022-07-15 14:13:41:571
-0.0102,2.793,7.1318,-0.3508,1.2158,9.7247,0.548,0.1546,-0.7354,-0.0845,0.0017,-0.121,74151.99,-8.01,-21.77,-36.19,151.9,-7.12,2.07,5,996.18,48.847,46.16392,15.868171,728.33,NaN,,5.62,12.226105,153.1,23 / 23,703004,2022-07-15 14:13:42:071
-0.003,1.4465,7.4501,-0.677,1.1744,9.7125,-0.5511,-0.5931,-1.7622,0.2728,0.008,0.4858,72535.03,-5.57,-19.58,-37.48,151.07,-6.88,3.99,5,996.18,45.044,46.16392,15.868171,728.33,NaN,,5.62,12.226105,153.1,23 / 23,703504,2022-07-15 14:13:42:571
-0.3823,2.1105,8.7769,-0.1673,1.2069,9.7307,-0.3496,-0.078,-0.8077,0.1852,-0.0154,0.2489,75229.02,-8.72,-21.04,-36.69,147.61,-6.62,2.42,5,996.19,45.462,46.163906,15.868179,728.51,NaN,,5.62,12.226105,156.5,23 / 23,704006,2022-07-15 14:13:43:073
-0.3769,1.7258,7.7934,-0.6228,1.0286,9.7327,1.1901,0.3817,-0.6208,0.2927,-0.1157,0.2597,72330.03,-8.34,-19.44,-36.84,142.78,-8.03,3.79,5,996.18,50.836,46.163906,15.868179,728.51,NaN,,5.62,12.226105,156.5,23 / 23,704506,2022-07-15 14:13:43:573
-0.5683,1.3023,6.8919,-0.9657,0.6986,9.7339,0.4839,0.3604,-1.5014,0.2453,0.0413,0.1247,72550.016,-8.87,-19.14,-36.96,142.43,-4.09,5.67,5,996.18,55.689,46.163895,15.868186,728.46,NaN,,5.65,12.226105,157.2,23 / 23,705005,2022-07-15 14:13:44:072
-0.9404,0.8279,9.4875,-0.885,1.428,9.6617,0.8386,0.3871,-2.0912,0.1752,-0.3866,0.1229,71699.984,-6.02,-19.33,-37.8,144.77,-8.37,5.23,5,996.19,55.26,46.163895,15.868186,728.46,NaN,,5.65,12.226105,157.2,23 / 23,705504,2022-07-15 14:13:44:571
-0.058,1.5009,6.7382,-0.3627,0.7773,9.7691,0.598,0.212,-1.9779,-0.0734,0.1635,-0.0376,73442.98,-9.54,-19.26,-37.01,145.25,-4.31,1.92,5,996.2,52.546,46.16388,15.868195,728.71,NaN,,5.69,12.226105,155.3,23 / 24,706005,2022-07-15 14:13:45:072
-0.4935,0.8225,9.0993,-0.6707,1.4058,9.6822,-0.9758,-0.4624,2.465,-0.0491,-0.3454,0.1262,72117,-7.37,-19.74,-37.28,146.83,-8.14,4.01,5,996.19,55.701,46.16388,15.868195,728.71,NaN,,5.69,12.226105,155.3,23 / 24,706504,2022-07-15 14:13:45:571
0.3075,1.4309,7.346,-0.7188,1.1894,9.7077,-0.0996,-0.9158,3.3699,-0.5069,0.015,-0.0899,75829.03,-9.08,-21.02,-35.72,144.39,-10.66,1.67,5,996.22,52.458,46.163868,15.868204,728.09,NaN,,5.51,12.226105,154.4,22 / 23,707004,2022-07-15 14:13:46:071
-1.1767,1.3609,10.0187,-1.0935,1.4599,9.6355,-0.0443,-0.4562,1.9994,-0.276,-0.1451,0.5063,71173.016,-5.02,-19.58,-37.18,147.57,-8.56,6.47,5,996.26,57.559,46.163868,15.868204,728.09,NaN,,5.51,12.226105,154.4,22 / 23,707504,2022-07-15 14:13:46:571
-0.5641,1.057,7.8748,-0.8387,1.2994,9.6839,0.2783,-0.6506,1.6781,-0.2459,0.3771,-0.3538,73333.016,-8.12,-20.42,-36.53,141.82,-10.09,3.86,5,996.25,58.263,46.163857,15.868214,728.02,NaN,,5.58,12.226105,154.5,22 / 24,708004,2022-07-15 14:13:47:071
0.055,1.9759,9.7484,-0.7597,1.5942,9.6463,-1.0455,0.2549,3.412,0.2185,-0.2621,0.5776,73977.03,-7.11,-20.03,-37.03,146.83,-7.9,4.18,5,996.23,59.786,46.163857,15.868214,728.02,NaN,,5.58,12.226105,154.5,22 / 24,708504,2022-07-15 14:13:47:571
-1.0277,0.5659,12.3553,-0.5521,1.8234,9.6198,0.7485,0.1784,1.5642,-0.2596,0.3109,-0.1371,76795.97,-10.22,-21.17,-35.96,137.86,-12.04,3.05,5,996.24,49.672,46.163845,15.868223,727.68,NaN,,5.51,12.226105,154.8,22 / 24,709004,2022-07-15 14:13:48:071
-2.5537,0.4409,11.9677,-1.2433,1.2812,9.6428,-1.653,0.4763,2.6005,-0.0268,0.4655,0.2941,70983,-7.09,-20.27,-36.88,144.49,-8.63,5.05,5,996.27,59.219,46.163845,15.868223,727.68,NaN,,5.51,12.226105,154.8,22 / 24,709505,2022-07-15 14:13:48:572
-0.5204,0.4092,11.8295,-0.593,1.2761,9.7052,1.2056,0.2703,1.8009,-0.202,-0.1978,-0.6634,72630,-8.61,-18.97,-36.41,137.78,-10.29,3.59,5,996.27,69.17,46.163834,15.868232,727.19,NaN,,5.62,12.226105,153.2,22 / 23,710005,2022-07-15 14:13:49:072
-1.8903,1.5541,12.5575,-0.8385,1.9102,9.5822,-1.0251,0.8613,0.4428,-0.1001,0.2053,0.3954,73765.016,-8.76,-20.25,-35.36,143.34,-8.1,3.52,5,996.29,64.805,46.163834,15.868232,727.19,NaN,,5.62,12.226105,153.2,22 / 23,710505,2022-07-15 14:13:49:572
0.3691,1.6211,11.33,-0.3927,2.143,9.5616,0.2134,-0.4072,0.2847,0.1629,-0.1548,0.0177,74247.98,-9.53,-22.05,-34.39,142.07,-11.48,2.73,5,996.29,62.252,46.163815,15.868243,726.88,NaN,,5.69,12.226105,152.7,22 / 24,711005,2022-07-15 14:13:50:072
-3.5288,1.9956,11.8056,-1.4648,1.7697,9.5338,-0.5838,0.8487,1.3982,0.0777,0.2072,-0.0313,70850.98,-7.67,-21.73,-35.53,145.7,-8.66,5.19,5,996.28,68.857,46.163815,15.868243,726.88,NaN,,5.69,12.226105,152.7,22 / 24,711505,2022-07-15 14:13:50:572
-0.4804,1.8664,12.5533,-0.3402,1.8976,9.6153,-0.0577,0.0686,1.797,-0.0854,-0.2367,-0.3494,70536.016,-16.28,-24.26,-36,132.7,-11.77,2.7,5,996.3,72.087,46.163803,15.868254,726.42,NaN,,5.87,12.226105,150.9,22 / 24,712004,2022-07-15 14:13:51:071
-2.3438,2.6303,10.7252,-0.5908,1.7889,9.624,0.4935,1.2485,-1.8612,0.1508,0.4681,0.1323,71677.984,-19.16,-25.71,-35.12,135.31,-7.88,3.12,5,996.32,56.9,46.163803,15.868254,726.42,NaN,,5.87,12.226105,150.9,22 / 24,712504,2022-07-15 14:13:51:571
-0.4325,1.1103,12.3787,-0.7799,1.9381,9.5815,0.1638,0.4165,-2.0141,0.0124,-0.0355,0.0721,72345.016,-13.91,-23.62,-35.42,135.32,-10.5,5.51,5,996.25,59.838,46.16379,15.868265,726.09,NaN,,5.65,12.226105,151.6,22 / 24,713004,2022-07-15 14:13:52:071
-1.8263,2.2331,12.1872,-0.813,1.6225,9.6373,-0.9824,1.4935,-0.8684,0.1442,0.11,-0.1613,70163.016,-7.57,-20.83,-36.21,148.25,-6.44,3.95,5,996.27,63.352,46.16379,15.868265,726.09,NaN,,5.65,12.226105,151.6,22 / 24,713504,2022-07-15 14:13:52:571
-0.012,1.8455,9.5013,-0.8111,2.0346,9.5589,0.83,-0.0847,-0.6555,0.2322,-0.1618,0.1675,73172.03,-7.13,-20.68,-36.73,142.19,-10.1,6.51,5,996.27,67.153,46.16378,15.868275,725.86,NaN,,5.58,12.226105,150,22 / 24,714006,2022-07-15 14:13:53:073
-2.6076,1.9627,13.1677,-0.6119,1.3664,9.6917,0.1639,0.6935,-1.7691,0.2611,0.2693,-0.3751,72308.03,-8.44,-20.83,-36.24,148.8,-5.92,3.92,5,996.25,68.435,46.16378,15.868275,725.86,NaN,,5.58,12.226105,150,22 / 24,714506,2022-07-15 14:13:53:573
-0.6778,2.2786,8.9091,-1.0592,2.1059,9.5191,0.5524,-0.2118,-3.2275,0.0699,0.0513,0.0913,74145.984,-6.99,-22.16,-36.41,143.38,-11.95,5.78,5,996.23,56.702,46.16377,15.868287,726.15,NaN,,5.65,12.226105,148.7,22 / 24,715004,2022-07-15 14:13:54:071
0.259,3.8148,8.6399,-0.7783,1.836,9.6018,-0.7092,1.0826,-3.697,-0.0286,-0.3868,-0.0049,74527.02,-6.64,-23.03,-36.04,146.7,-9.68,6.49,5,996.26,61.894,46.16377,15.868287,726.15,NaN,,5.65,12.226105,148.7,22 / 24,715505,2022-07-15 14:13:54:572
-0.6664,1.5793,7.9854,-0.7173,2.0333,9.5667,-0.0094,-0.2428,-2.6292,-0.0951,-0.3356,-0.0833,75463.99,-6.79,-22.97,-35.19,147.3,-11.98,4.75,5,996.26,50.056,46.163757,15.868298,726.4,NaN,,5.36,12.226105,152.7,22 / 23,716005,2022-07-15 14:13:55:072
-0.5133,3.7657,8.8152,-0.917,1.4317,9.6582,-0.0324,-0.0827,-3.259,0.0933,-0.1533,-0.0462,73626.03,-5.92,-22.87,-34.97,150.45,-9.61,5.99,5,996.27,60.954,46.163757,15.868298,726.4,NaN,,5.36,12.226105,152.7,22 / 23,716505,2022-07-15 14:13:55:572
-0.3619,1.4859,7.1521,-0.8877,1.3761,9.669,0.4148,-0.5759,-0.9077,-0.0106,-0.3877,0.1684,70016,-5.94,-21.82,-36.54,147.2,-7.8,7.72,5,996.27,62.795,46.163746,15.868306,726.38,NaN,,5.47,12.226105,156.3,20 / 23,717004,2022-07-15 14:13:56:071
-0.0389,2.2205,7.2772,-1.2003,0.6989,9.7078,-0.5775,-0.1645,-1.112,-0.3829,-0.0741,0.1006,67922.016,-6.02,-19.5,-37.14,144.51,-5.66,7.79,5,996.22,53.994,46.163746,15.868306,726.38,NaN,,5.47,12.226105,156.3,20 / 23,717504,2022-07-15 14:13:56:571
-0.8327,0.7274,7.3872,-0.764,1.2634,9.6949,-1.2785,-0.8052,1.7127,0.1752,-0.064,0.4215,72681.98,-7.95,-19.29,-37.14,142.48,-7.4,4.51,5,996.25,56.232,46.163727,15.868315,726.14,NaN,,5.69,12.226105,156.2,21 / 24,718004,2022-07-15 14:13:57:071
0.3248,3.1095,6.2058,-0.8468,0.8646,9.7317,0.0312,-0.4056,0.5806,0.4598,0.0648,0.345,74402.016,-9.47,-20.7,-36.23,145.32,-7.28,3.72,5,996.24,57.078,46.163727,15.868315,726.14,NaN,,5.69,12.226105,156.2,21 / 24,718504,2022-07-15 14:13:57:571
-0.4528,1.4046,6.9057,-1.0239,1.7056,9.6028,-1.1006,-0.9642,0.9731,0.3869,-0.2031,0.6824,70754.984,-9.86,-21.84,-36.75,137.53,-9.05,7.59,5,996.26,65.439,46.163715,15.868325,726.46,NaN,,5.58,12.226105,152.5,21 / 24,719005,2022-07-15 14:13:58:072
-0.5133,0.7364,9.6197,-0.7351,0.9093,9.7367,0.2022,0.144,-0.4919,-0.017,0.2117,-0.2266,74452.98,-10.58,-20.64,-36.56,140.63,-7.72,3.23,5,996.22,55.415,46.163715,15.868325,726.46,NaN,,5.58,12.226105,152.5,21 / 24,719505,2022-07-15 14:13:58:572
-1.989,1.4674,8.339,-1.2528,1.8035,9.5576,-1.5997,0.1832,2.9025,0.0151,0.1802,0.6051,72118.016,-6.86,-20.42,-36.39,138.78,-10.6,7.47,5,996.24,51.115,46.163704,15.868335,726.93,NaN,,5.62,12.226105,149.5,21 / 23,720004,2022-07-15 14:13:59:071
-0.4325,0.5509,11.7912,-0.7228,1.3474,9.6867,1.3316,-0.279,1.0781,-0.4247,0.0669,-0.3354,71978.02,-7.95,-19.72,-36.69,140.34,-10.08,4.8,5,996.22,52.867,46.163704,15.868335,726.93,NaN,,5.62,12.226105,149.5,21 / 23,720504,2022-07-15 14:13:59:571
-0.7675,1.5446,8.9474,-1.0671,1.5034,9.6318,-0.5673,0.1104,1.5917,-0.1361,-0.0582,0.4644,72153.99,-6.17,-20.03,-37.99,145.41,-9.28,5.27,5,996.25,52.223,46.163692,15.868345,726.45,NaN,,5.58,12.226105,154.6,21 / 23,721004,2022-07-15 14:14:00:071
-1.1055,1.0289,11.129,-1.0412,1.516,9.6326,0.8594,-0.1024,1.3448,-0.4952,0.1591,-0.5348,75120.01,-9.17,-21.07,-36.41,136.68,-12.27,5.38,5,996.27,58.611,46.163692,15.868345,726.45,NaN,,5.58,12.226105,154.6,21 / 23,721504,2022-07-15 14:14:00:571
-0.4325,1.8455,10.4351,-1.517,1.6066,9.5545,-0.6374,0.605,1.3599,-0.2221,-0.2636,0.3516,70551,-7.16,-20.36,-37.65,136.91,-9.43,9.02,5,996.26,61.162,46.16368,15.868353,726.96,NaN,,5.65,12.226105,157.9,21 / 23,722004,2022-07-15 14:14:01:071
-1.069,0.8471,12.4816,-0.8943,1.5273,9.6456,0.4273,-0.1031,1.9721,-0.2221,0.3231,-0.4868,70623.97,-9.32,-20.08,-37.86,136.21,-9.42,6.35,5,996.24,56.061,46.16368,15.868353,726.96,NaN,,5.65,12.226105,157.9,21 / 23,722505,2022-07-15 14:14:01:572
-2.5717,1.0947,12.4702,-1.2633,1.8133,9.5544,-0.6347,0.3415,2.4183,0.2323,-0.0553,-0.0599,70104.016,-7.37,-20.08,-37.35,142.78,-8.69,6.08,5,996.23,59.655,46.16367,15.868362,726.47,NaN,,5.47,12.226105,154,21 / 24,723004,2022-07-15 14:14:02:071
0.1017,1.3872,10.4435,-0.5811,1.5283,9.6694,0.576,-0.5633,2.7091,0.2278,-0.1098,-0.389,69576.98,-7.33,-19.72,-36.99,145.58,-8.87,4.21,5,996.24,62.23,46.16367,15.868362,726.47,NaN,,5.47,12.226105,154,21 / 24,723506,2022-07-15 14:14:02:573
-2.7739,2.001,13.2903,-0.7995,1.1717,9.7035,0.5484,1.3901,-1.8881,0.1901,0.4216,0.1248,70916.984,-6.28,-19.97,-37.82,149.41,-6.86,4.71,5,996.24,60.44,46.163654,15.86837,726.86,NaN,,5.72,12.226105,153.8,22 / 24,724005,2022-07-15 14:14:03:072
0.9338,1.4877,10.7181,-0.6747,1.4767,9.6713,0.2253,-0.4625,-0.189,0.2492,-0.122,0.1225,7551.0234,-6.54,-19.76,-37.43,146.3,-7.33,4.91,5,996.27,60.159,46.163654,15.86837,726.86,NaN,,5.72,12.226105,153.8,22 / 24,724504,2022-07-15 14:14:03:571
-2.5436,1.9753,11.0997,-1.1295,1.5057,9.6243,-0.2353,1.6269,-1.446,-0.0755,0.0808,-0.1774,69883.97,-7.2,-20.08,-37.05,147.17,-5.75,5.48,5,996.26,55.071,46.16364,15.86838,727.28,NaN,,5.69,12.226105,152.1,22 / 24,725006,2022-07-15 14:14:04:073
-0.4152,1.2185,11.7171,-0.8806,1.4875,9.6531,-0.3008,0.1296,-0.6908,0.2184,-0.2031,-0.1282,70711.99,-6.69,-18.99,-38.62,142.56,-6.66,6.05,5,996.26,55.151,46.16364,15.86838,727.28,NaN,,5.69,12.226105,152.1,22 / 24,725506,2022-07-15 14:14:04:573
-1.8491,2.2654,10.1133,-0.9742,0.9214,9.7145,0.8637,0.6097,-2.4905,0.0015,0.1478,0.0703,68793.03,-6.67,-18.68,-40.14,144.29,-5.39,5.73,5,996.25,52.72,46.163628,15.868389,727.11,NaN,,5.72,12.226105,151.4,22 / 24,726005,2022-07-15 14:14:05:072
-0.6443,0.7507,7.8407,-0.4944,1.0041,9.7426,-0.0473,-0.1917,-2.5729,0.2353,-0.3166,-0.0674,72131.984,-7.01,-18.53,-41.12,147.18,-5.23,3.98,5,996.23,54.932,46.163628,15.868389,727.11,NaN,,5.72,12.226105,151.4,22 / 24,726506,2022-07-15 14:14:05:573
-1.3023,1.4979,9.1926,-0.4132,0.3525,9.7916,-0.5394,0.5256,-0.8569,0.3391,-0.2669,0.1882,70586.98,-5.72,-19.82,-40.97,155.67,0.2,4.37,5,996.25,49.444,46.163616,15.868399,726.63,NaN,,5.47,12.226105,151.6,22 / 24,727005,2022-07-15 14:14:06:072
-0.6826,0.8201,7.8054,-0.3593,0.9111,9.7576,0.4723,-0.1497,-1.6632,0.1381,-0.0554,-0.0706,72109.984,-6.51,-18.68,-39.69,150.86,-3.73,3.08,5,996.27,51.163,46.163616,15.868399,726.63,NaN,,5.47,12.226105,151.6,22 / 24,727505,2022-07-15 14:14:06:572
0.2489,2.1942,5.7607,-0.4186,0.3035,9.793,0.6971,0.7908,0.7703,0.2474,-0.0746,-0.0849,74409.03,-8.19,-19.2,-38.55,151.51,-1.77,2.45,5,996.28,66.221,46.163605,15.868408,726.2,NaN,,5.65,12.226105,153.7,22 / 24,728004,2022-07-15 14:14:07:071
-0.8237,1.0612,7.9478,-0.4409,1.0449,9.7408,-0.164,-0.1918,-1.9674,0.1766,-0.0329,0.0951,72578.03,-7.59,-18.9,-38.08,147.72,-4.94,2.91,5,996.27,51.258,46.163605,15.868408,726.2,NaN,,5.65,12.226105,153.7,22 / 24,728505,2022-07-15 14:14:07:572
-0.329,1.7174,8.2451,-0.2698,0.5716,9.7863,0.8459,0.6704,-0.469,0.0581,0.0768,0.0776,70412.02,-10.31,-19.63,-37.39,148.33,-2.21,2.27,5,996.31,42.879,46.163593,15.868416,725.52,NaN,,5.83,12.226105,155.1,22 / 24,729005,2022-07-15 14:14:08:072
-1.1097,0.7065,8.327,-0.4196,0.8115,9.764,-0.0321,0.1107,-2.0108,-0.0327,-0.0428,-0.0799,72146.98,-8.42,-18.96,-37.37,150.24,-3.97,2.15,5,996.34,49.779,46.163593,15.868416,725.52,NaN,,5.83,12.226105,155.1,22 / 24,729505,2022-07-15 14:14:08:572
0.5659,1.7868,6.7226,-0.3016,0.1792,9.8004,1.0817,0.5999,1.2716,-0.046,0.109,0.0838,68969.01,-7.78,-18.3,-37.24,152.2,-1.05,1.76,5,996.36,61.036,46.163574,15.868424,724.29,NaN,,5.76,12.226105,154.9,22 / 24,730004,2022-07-15 14:14:09:071
0.329,0.5713,7.2359,-0.59,0.487,9.7768,-0.8801,-0.3271,-1.5968,-0.3813,0.1804,0.0247,69548.02,-6.19,-16.69,-38.21,149.59,-4.8,3.18,5,996.39,63.361,46.163574,15.868424,724.29,NaN,,5.76,12.226105,154.9,22 / 24,730506,2022-07-15 14:14:09:573
-1.2461,1.3753,8.2953,-0.6047,0.1007,9.7875,-0.1864,0.3502,0.6428,-0.3395,-0.147,0.4733,70381.984,-7.78,-17.57,-37.18,146.09,-2.23,4.92,5,996.39,57.059,46.163563,15.868433,723.91,NaN,,5.87,12.226105,154.8,22 / 24,731005,2022-07-15 14:14:10:072
-1.0995,0.9559,9.1047,-0.9613,0.7933,9.7271,-0.2563,-0.2068,1.3324,-0.1713,-0.2233,-0.0571,70617.016,-8.59,-16.63,-36.84,138.1,-4.64,5.64,5,996.37,55.552,46.163563,15.868433,723.91,NaN,,5.87,12.226105,154.8,22 / 24,731506,2022-07-15 14:14:10:573
0.0335,2.0154,7.1533,-0.5274,0.576,9.7755,-0.166,-0.5053,0.5183,0.1597,-0.3451,0.0718,73296.02,-10.42,-17.72,-35.96,143.11,-3.37,3.09,5,996.38,59.664,46.16355,15.868442,722.92,NaN,,5.62,12.226105,153.4,22 / 24,732005,2022-07-15 14:14:11:072
0.0419,1.8718,5.9629,-0.6284,1.0974,9.7248,0.2242,-0.4533,2.1209,-0.0975,0.3961,0.0563,73361.98,-10.87,-18.34,-35.21,135.5,-7.81,3.21,5,996.39,63.954,46.16355,15.868442,722.92,NaN,,5.62,12.226105,153.4,22 / 24,732506,2022-07-15 14:14:11:573
-0.4642,2.0674,6.8877,-0.1665,0.8988,9.764,0.0114,1.0817,-2.7013,0.2372,-0.2576,0.4048,72988.97,-11.57,-16.05,-35.93,137.99,-2.48,1.61,5,996.44,57.002,46.163536,15.868452,722.34,NaN,,5.65,12.226105,147.1,22 / 24,733005,2022-07-15 14:14:12:072
-0.2901,-0.4421,8.8247,-0.6794,1.0261,9.7291,1.8619,0.0147,2.0302,0.4569,-0.1807,-0.058,70872.98,-12.96,-12.83,-37.43,120.51,-6.01,3.99,5,996.44,63.141,46.163536,15.868452,722.34,NaN,,5.65,12.226105,147.1,22 / 24,733505,2022-07-15 14:14:12:572
-1.8951,2.2702,8.321,-0.2808,1.1609,9.7336,0.035,1.6993,-3.3571,0.1769,0.2143,0.5951,73377.02,-15.73,-15.09,-37.07,121.78,-6.8,1.65,5,996.43,55.227,46.16353,15.868468,721.99,NaN,,6.23,12.226105,143.1,22 / 24,734005,2022-07-15 14:14:13:072
0.5868,1.9406,8.4999,-0.4098,1.981,9.5957,1.2918,0.2041,-3.695,-0.0903,-0.2666,0.4348,71838.97,-18.39,-12.26,-37.11,105.53,-9.63,5.48,5,996.43,61.137,46.16353,15.868468,721.99,NaN,,6.23,12.226105,143.1,22 / 24,734505,2022-07-15 14:14:13:572
-1.6834,2.5723,9.5916,-0.6454,1.5505,9.6618,-0.5959,1.1815,-1.1426,0.4917,-0.1565,0.6453,71788.01,-20.53,-8.48,-37.43,104.28,-3.38,3.31,5,996.44,66.69,46.163517,15.868485,721.67,NaN,,6.16,12.226105,128.4,21 / 24,735005,2022-07-15 14:14:14:072
0.4319,0.8979,10.3442,-0.6263,2.0519,9.5691,-0.6241,-1.4448,-1.019,0.2005,-0.1067,0.0499,67746.984,-20.1,-1.72,-39.19,75.28,-12.08,3.74,5,996.44,48.26,46.163517,15.868485,721.67,NaN,,6.16,12.226105,128.4,21 / 24,735505,2022-07-15 14:14:14:572
-1.8179,2.8409,9.5133,-0.3347,1.37,9.7047,-0.2898,1.2207,-2.5143,-0.2065,-0.3725,0.3733,67124.03,-20.31,2.42,-41.46,70.43,-8.03,1.98,5,996.44,43.856,46.163513,15.868508,721.58,NaN,,5.98,12.226105,110.7,21 / 24,736004,2022-07-15 14:14:15:071
-1.136,0.7424,9.9087,-0.7307,1.803,9.6117,0.3329,-0.5994,-2.1198,0.0915,-0.1941,0.4754,67248.97,-17.27,6.54,-44.04,58.42,-9.38,7.03,5,996.46,44.974,46.163513,15.868508,721.58,NaN,,5.98,12.226105,110.7,21 / 24,736504,2022-07-15 14:14:15:571
-1.0475,2.814,8.8032,-0.7914,1.8374,9.6004,0.3453,1.4466,-2.1733,-0.0286,0.1042,-0.1159,66766.01,-14.16,6.17,-45.45,54.46,-8.39,4.22,5,996.46,65.22,46.163513,15.868532,721.58,NaN,,5.87,12.226105,91.4,21 / 24,737004,2022-07-15 14:14:16:071
-0.347,1.5087,9.2877,-1.0877,1.7785,9.5825,-0.1995,-1.5677,0.251,0.4472,-0.2132,0.177,66493.984,-10.58,5.42,-44.53,51.35,-10.45,6.48,5,996.46,60.918,46.163513,15.868532,721.58,NaN,,5.87,12.226105,91.4,21 / 24,737505,2022-07-15 14:14:16:572
-0.3081,3.3924,8.5184,-0.6673,1.2986,9.6974,-0.1444,0.1312,-1.4513,0.1763,0.172,-0.2095,66194.016,-10.14,4.91,-40.78,51.21,-7.61,3.94,5,996.48,59.132,46.16352,15.868551,720.51,NaN,,5.62,12.226105,72.1,20 / 24,738005,2022-07-15 14:14:17:072
-0.6042,1.6971,6.3206,-0.8673,1.6526,9.6274,0.1975,-0.7275,-2.3256,0.6509,-0.084,0.224,65527.99,-9.11,6.23,-39.37,50.39,-7.15,5.8,5,996.48,64.627,46.16352,15.868551,720.51,NaN,,5.62,12.226105,72.1,20 / 24,738505,2022-07-15 14:14:17:572
-1.517,2.1571,8.6195,-0.9048,0.8896,9.7242,0.0453,0.5164,-1.8379,0.1934,-0.0434,0.0922,66209,-10.72,4.11,-36.88,66.91,-3.33,5.12,5,996.47,68.932,46.16353,15.868565,719.61,NaN,,5.62,12.226105,64.7,20 / 24,739004,2022-07-15 14:14:18:071
-0.2369,2.0596,6.0138,-0.5776,1.363,9.6943,1.4926,-0.0628,-0.711,0.2718,-0.0208,0.1158,67709.99,-10.24,4.69,-36.49,50.87,-7.99,3.41,5,996.44,65.361,46.16353,15.868565,719.61,NaN,,5.62,12.226105,64.7,20 / 24,739504,2022-07-15 14:14:18:571
-0.0191,1.6409,6.408,-0.6843,0.7202,9.7562,1.0871,0.2618,-2.0859,-0.3782,0.0944,-0.2501,66238.97,-12.13,6.02,-34.74,59.52,-4.21,4.01,5,996.48,55.712,46.163536,15.86858,719.78,NaN,,5.62,12.226105,60.8,20 / 24,740004,2022-07-15 14:14:19:071
-1.2431,0.283,9.95,-1.0297,1.5946,9.6212,1.3121,-0.2556,-2.2584,-0.0347,-0.3577,0.2274,65272.03,-11.33,7.67,-35.59,49.6,-8.61,7.06,5,996.46,65.509,46.163536,15.86858,719.78,NaN,,5.62,12.226105,60.8,20 / 24,740505,2022-07-15 14:14:19:572
-0.5809,1.4692,7.6229,-0.9453,0.7415,9.7328,0.3013,0.2607,-1.593,-0.4702,-0.0287,-0.0359,66845.99,-12.88,6.53,-36.47,58.12,-5.48,5.69,5,996.48,66.108,46.163544,15.868596,719.93,NaN,,5.62,12.226105,64.9,19 / 24,741004,2022-07-15 14:14:20:071
-1.6181,0.5922,7.3143,-1.0738,1.1217,9.6829,-0.5908,-0.1608,2.2681,0.2094,-0.1021,0.2298,66508.97,-11.79,7.58,-36.11,53.2,-6.57,6.33,5,996.46,57.197,46.163544,15.868596,719.93,NaN,,5.62,12.226105,64.9,19 / 24,741504,2022-07-15 14:14:20:571
0.6371,1.4112,6.8495,-0.7144,1.0406,9.7251,-0.3984,-1.7642,4.1209,-0.0302,0.2598,0.0303,67562.98,-13.59,7.71,-34.87,55.05,-6.09,4.2,5,996.44,48.164,46.16355,15.868613,720.02,NaN,,5.69,12.226105,68,19 / 24,742004,2022-07-15 14:14:21:071
-0.0963,1.4171,8.9252,-1.4536,1.0379,9.6426,-1.6479,-1.1319,2.7026,-0.3186,0.1962,0.5986,66341.03,-13.88,8.42,-35.49,54.4,-9.07,7.23,5,996.46,51.799,46.16355,15.868613,720.02,NaN,,5.69,12.226105,68,19 / 24,742505,2022-07-15 14:14:21:572
0.1561,1.1264,9.865,-0.9777,0.5442,9.7426,0.0477,-0.1257,0.6993,-0.4157,0.3963,-0.2792,65580.03,-13.31,10.41,-36.9,47.66,-7.06,4.3,5,996.49,64.655,46.16356,15.86863,719.11,NaN,,5.8,12.226105,66.5,19 / 24,743005,2022-07-15 14:14:22:072
-0.411,1.6851,8.1577,-1.4593,1.5583,9.5714,-2.2693,-0.1069,2.4881,-0.0405,-0.0715,0.5828,63960.98,-10.93,7.73,-36.77,50.74,-9.14,8.67,5,996.53,61.013,46.16356,15.86863,719.11,NaN,,5.8,12.226105,66.5,19 / 24,743506,2022-07-15 14:14:22:573
-1.745,0.3266,11.1398,-1.202,1.0837,9.6722,0.2463,-0.1855,2.5483,0.0803,-0.1158,-0.3198,64100.027,-12.24,9.38,-34.18,52.16,-6.34,7.08,5,996.57,63.317,46.163567,15.868648,719.2,NaN,,5.72,12.226105,68.1,19 / 24,744004,2022-07-15 14:14:23:071
-2.2074,0.4463,12.3159,-1.6547,0.9976,9.6144,-1.0175,-0.5098,1.2019,-0.1608,0.0892,0.7102,64730.004,-11.91,11.83,-32.44,47.69,-6.82,9.2,5,996.58,65.052,46.163567,15.868648,719.2,NaN,,5.72,12.226105,68.1,19 / 24,744504,2022-07-15 14:14:23:571
-0.3894,0.8213,11.2804,-0.8916,1.2792,9.6819,0.1211,-0.3347,0.0571,-0.3254,0.153,-0.5707,65959.99,-12.39,15.3,-32.14,38.24,-7.49,5.26,5,996.52,59.415,46.163574,15.868667,718.89,NaN,,5.8,12.226105,69.1,19 / 24,745004,2022-07-15 14:14:24:071
-3.9523,-0.3308,13.5637,-1.6777,1.2139,9.5855,-0.8457,0.2499,1.8817,-0.4523,-0.2403,0.2966,64905.977,-12.69,13.63,-36.45,46.56,-7.11,9.93,5,996.57,64.505,46.163574,15.868667,718.89,NaN,,5.8,12.226105,69.1,19 / 24,745504,2022-07-15 14:14:24:571
-0.0502,0.7555,11.1775,-1.4472,1.0615,9.641,0.5003,-0.5442,1.3897,-0.0485,0.0692,-0.1437,66779.98,-19.99,10.95,-38.21,59.99,-6.21,8.54,5,996.5,62.558,46.16358,15.868685,718.45,NaN,,5.65,12.226105,69.1,19 / 24,746004,2022-07-15 14:14:25:071
-4.0899,0.5025,13.0098,-1.6294,1.1039,9.6071,-1.5228,0.0939,2.5982,0.0949,-0.0727,0.1147,63873.973,-22.59,8.79,-40.48,66.73,-5.52,8.85,5,996.52,55.589,46.16358,15.868685,718.45,NaN,,5.65,12.226105,69.1,19 / 24,746505,2022-07-15 14:14:25:572
-0.0072,0.3733,12.9308,-1.1431,1.5149,9.6213,1.0166,0.5792,-2.2102,0.4061,-0.2973,-0.8189,64730.004,-22.09,5.55,-40.87,66.12,-8.89,6.78,5,996.49,60.623,46.163586,15.868703,718.36,NaN,,5.69,12.226105,70.4,19 / 24,747005,2022-07-15 14:14:26:072
-3.8961,1.0421,14.1529,-1.1303,1.1826,9.6692,-0.5931,1.1756,-1.2294,0.053,0.112,0.2864,66048.01,-14.76,2.59,-40.78,68.66,-6.93,6.67,5,996.52,71.08,46.163586,15.868703,718.36,NaN,,5.69,12.226105,70.4,19 / 24,747505,2022-07-15 14:14:26:572
-0.6263,0.4965,12.8154,-0.9028,1.8816,9.582,0.9154,-0.4417,-1.6582,0.4174,0.0281,0.0719,65967.01,-17.61,-0.43,-40.16,71.34,-11.06,5.38,5,996.52,58.162,46.16359,15.868723,717.97,NaN,,5.47,12.226105,81.4,19 / 24,748004,2022-07-15 14:14:27:071
-1.4626,1.2586,13.9537,-1.1223,1.7363,9.5862,-0.7306,0.5842,-0.6477,0.0412,0.2201,0.0373,65785.03,-19.28,-1.56,-39.28,85.24,-5.77,3.82,5,996.51,68.567,46.16359,15.868723,717.97,NaN,,5.47,12.226105,81.4,19 / 24,748504,2022-07-15 14:14:27:571
-0.6048,1.2323,8.6578,-0.8715,1.4652,9.6573,0.7362,-0.3565,-3.4118,0.3841,-0.0192,-0.3551,67717.016,-18.97,0.28,-39.39,76.11,-8.59,5.16,5,996.53,65.482,46.163586,15.868743,716.5,NaN,,5.58,12.226105,89.4,19 / 24,749004,2022-07-15 14:14:28:071
-1.8245,0.5611,13.1683,-1.5415,0.8696,9.6456,-0.2731,1.3393,-2.191,-0.392,0.0347,0.1203,65147.02,-18.54,-0.94,-39.77,84.89,-5.09,9.08,5,996.54,61.623,46.163586,15.868743,716.5,NaN,,5.58,12.226105,89.4,19 / 24,749505,2022-07-15 14:14:28:572
-0.0024,1.5727,10.0152,-1.2127,1.0276,9.677,-0.8427,-0.3201,-0.8706,0.1149,-0.3693,0.0602,65088.965,-17.42,2.98,-39.88,72.42,-6.01,7.14,5,996.52,52.185,46.163586,15.868763,716.47,NaN,,5.54,12.226105,92.1,19 / 24,750005,2022-07-15 14:14:29:072
-1.1498,2.0465,8.2792,-0.6521,1.032,9.7304,-0.6581,1.3504,-3.2437,-0.0069,-0.265,0.0108,67878,-19.11,1.35,-39.07,80.15,-4.35,4.57,5,996.49,50.874,46.163586,15.868763,716.47,NaN,,5.54,12.226105,92.1,19 / 24,750506,2022-07-15 14:14:29:573
-0.2124,0.9721,7.9274,-0.515,1.3245,9.7031,0.3396,-0.6016,-1.3832,0.3058,0.0382,0.0303,68258.98,-21.39,-0.22,-37.28,78.08,-7.76,3.04,5,996.53,64.516,46.163586,15.868783,715.8,NaN,,5.65,12.226105,92.2,19 / 24,751006,2022-07-15 14:14:30:073
-0.4487,3.8357,6.189,-0.9477,1.1661,9.6908,-0.2915,-0.21,1.7265,0.1016,-0.0113,0.648,66626.016,-21.19,0,-37.07,80.42,-6.83,5.59,5,996.52,54.697,46.163586,15.868783,715.8,NaN,,5.65,12.226105,92.2,19 / 24,751504,2022-07-15 14:14:30:571
-0.5186,1.282,8.1667,-0.633,1.5727,9.659,0.3996,-0.7579,-1.45,0.7086,-0.4698,0.3153,66428.98,-21.81,2.51,-37.46,70.46,-9.23,3.75,5,996.53,56.562,46.163586,15.868803,715.06,NaN,,5.65,12.226105,86.6,19 / 24,752005,2022-07-15 14:14:31:072
-0.5833,2.1829,8.2696,-0.9493,1.1371,9.6941,1.1015,0.6364,-1.5369,0.452,-0.2069,0.0657,66801.984,-22.22,2.96,-37.26,79.7,-2.97,6.79,5,996.55,60.676,46.163586,15.868803,715.06,NaN,,5.65,12.226105,86.6,19 / 24,752504,2022-07-15 14:14:31:571
0.4881,1.142,6.7436,-1.2196,0.7913,9.6983,1.005,0.4719,-1.8258,-0.0611,-0.2357,-0.0468,67673.01,-19.72,4.14,-37.73,74.48,-4.63,7.17,5,996.58,69.569,46.16359,15.868823,715.11,NaN,,5.87,12.226105,80.5,19 / 24,753004,2022-07-15 14:14:32:071
-0.5216,0.9242,7.7216,-1.0247,0.5214,9.739,0.3636,-0.0843,-0.7414,-0.5307,0.0076,0.0207,67167.97,-21.56,6.02,-36.58,73.1,-3.05,6.01,5,996.55,67.686,46.16359,15.868823,715.11,NaN,,5.87,12.226105,80.5,19 / 24,753505,2022-07-15 14:14:32:572
0.0132,0.8201,6.3876,-1.1146,1.1209,9.6784,0.8612,-0.6052,-1.2802,-0.2252,0.1594,-0.0954,66508.97,-20.92,8.34,-38.36,64.57,-6.56,6.57,5,996.55,65.296,46.163593,15.868844,715.89,NaN,,5.69,12.226105,79.1,19 / 24,754005,2022-07-15 14:14:33:072
0.1549,2.5699,6.3452,-1.0252,0.4246,9.7437,0.4177,0.7924,-0.0397,0.0263,-0.1164,-0.0183,66195.02,-20.38,7.28,-38.7,70.48,-2.8,7.18,5,996.56,70.27,46.163593,15.868844,715.89,NaN,,5.69,12.226105,79.1,19 / 24,754505,2022-07-15 14:14:33:572
-0.6514,1.5709,6.4612,-1.7186,1.2824,9.5693,0.4017,-0.3818,2.0028,-0.1616,-0.2598,-0.0183,63426.98,-17.96,4.48,-40.09,70.66,-7.51,10.18,5,996.57,71.595,46.163593,15.868864,715.25,NaN,,5.98,12.226105,83.3,20 / 23,755006,2022-07-15 14:14:34:073
-1.7539,0.7472,9.4714,-1.3885,0.5535,9.6921,-0.0439,0.7156,-1.5663,-0.8501,0.2754,-0.0871,68003.016,-19.18,3.99,-39.32,76.11,-3.24,8.15,5,996.57,72.458,46.163593,15.868864,715.25,NaN,,5.98,12.226105,83.3,20 / 23,755506,2022-07-15 14:14:34:573
1.2389,1.3178,6.865,-0.904,1.3482,9.6714,0.1482,-0.4794,-2.4425,-0.3583,-0.441,0.1064,59715.02,-15.99,4.65,-40.56,63.46,-11.22,11.97,5,996.58,67.037,46.163593,15.868886,714.15,NaN,,6.19,12.226105,84.2,20 / 23,756005,2022-07-15 14:14:35:072
-0.6413,1.6092,7.2981,-0.8174,0.4237,9.7633,0.0298,-0.2796,2.7501,-0.0711,0.0792,0.0925,68265.99,-18.77,5.44,-38.78,62.01,-6.82,-1.26,5,996.57,59.193,46.163593,15.868886,714.15,NaN,,6.19,12.226105,84.2,20 / 23,756505,2022-07-15 14:14:35:572
-0.7543,1.0463,7.6265,-0.6846,1.0432,9.7269,0.054,-0.1632,2.2106,0.4749,-0.1536,0.2619,67628.99,-19.87,3.66,-38.64,70.65,-6.11,4.03,5,996.58,66.19,46.163597,15.868908,714.22,NaN,,6.05,12.226105,85.1,20 / 23,757006,2022-07-15 14:14:36:073
-0.9757,1.188,8.8576,-0.915,0.4307,9.7544,0.6482,0.3127,0.812,-0.9579,0.2581,-0.0218,67687.99,-20.87,1.59,-38.14,81.69,-2.52,5.36,5,996.57,66.465,46.163597,15.868908,714.22,NaN,,6.05,12.226105,85.1,20 / 23,757504,2022-07-15 14:14:36:571
0.3936,1.9382,4.9986,-1.2981,1.6123,9.5857,1.9621,-0.2639,-1.7659,-0.222,0.1445,0.1006,65104.027,-19.61,3.39,-39.11,70.76,-9.57,8.37,5,996.57,65.025,46.163597,15.868931,713.83,NaN,,6.08,12.226105,86.5,20 / 23,758005,2022-07-15 14:14:37:072
0.1364,2.7129,5.0088,-0.9864,0.7503,9.728,-1.0534,-0.5518,3.0856,0.4786,-0.3251,0.1975,65293.973,-18.62,3.13,-39.11,65.73,-10.02,3.23,5,996.54,65.744,46.163597,15.868931,713.83,NaN,,6.08,12.226105,86.5,20 / 23,758505,2022-07-15 14:14:37:572
-0.1143,1.069,8.1835,-1.2423,1.5522,9.603,-0.1557,-0.0352,1.188,0.0805,-0.3567,-0.0699,63404.98,-19.95,2.18,-39.23,69.84,-11.38,7.26,5,996.58,66.644,46.163597,15.868953,713.18,NaN,,6.12,12.226105,88.2,19 / 23,759005,2022-07-15 14:14:38:072
-1.3352,0.4092,10.8162,-0.8798,0.5147,9.7535,0.3021,0.8978,-1.687,-0.687,0.1994,-0.1941,68119.99,-22.09,2.06,-39.11,81.2,-3.01,5.15,5,996.55,58.316,46.163597,15.868953,713.18,NaN,,6.12,12.226105,88.2,19 / 23,759506,2022-07-15 14:14:38:573
-0.7137,0.8889,4.7725,-1.0767,2.0206,9.5356,0.4902,-0.5705,-1.7416,0.2849,0.0395,0.6035,65644.97,-21.34,1.99,-38.64,71.39,-10.54,6.87,5,996.55,55.142,46.1636,15.868975,713.18,NaN,,6.01,12.226105,84.5,19 / 23,760004,2022-07-15 14:14:39:071
0.1974,1.7731,9.1914,-1.22,1.563,9.6041,0.0498,-0.8507,3.6888,-0.4094,-0.103,0.1431,63133.973,-21.11,3.24,-38.27,67.98,-10.67,4.46,5,996.54,55.995,46.1636,15.868975,713.18,NaN,,6.01,12.226105,84.5,19 / 23,760504,2022-07-15 14:14:39:571
-0.4594,1.4375,8.1506,-1.2281,1.9655,9.5289,-1.976,-1.4456,3.1889,-0.1264,-0.3736,0.178,73933.02,-19.48,4.86,-39.02,61.79,-12.06,6.6,5,996.58,57.618,46.1636,15.868996,712.3,NaN,,6.12,12.226105,76.9,18 / 23,761005,2022-07-15 14:14:40:072
-0.6096,1.7844,7.9424,-1.1183,1.0038,9.6908,-0.4657,-0.4136,2.3459,-0.6251,0.9602,-0.3965,66626.016,-21.69,6.53,-38.08,60.91,-9.88,2.71,5,996.56,61.724,46.1636,15.868996,712.3,NaN,,6.12,12.226105,76.9,18 / 23,761504,2022-07-15 14:14:40:571
-2.525,0.67,12.4846,-0.8005,1.8246,9.6021,-1.5826,-1.2688,2.4864,0.1943,0.3227,0.6606,66962.98,-21.96,7.41,-38.83,60.79,-10.44,3.69,5,996.58,57.528,46.16361,15.869015,711.69,NaN,,5.69,12.226105,72.3,18 / 22,762004,2022-07-15 14:14:41:071
0.4845,1.7617,8.8337,-0.3107,1.6036,9.6697,-0.4949,-0.4371,2.9308,-0.2286,0.5144,-0.1232,66978.02,-21.54,7.16,-38.85,58.1,-11.52,1.92,5,996.55,57.037,46.16361,15.869015,711.69,NaN,,5.69,12.226105,72.3,18 / 22,762504,2022-07-15 14:14:41:571
-2.3755,1.1264,12.2901,-0.7766,1.6902,9.6286,-1.6796,0.322,3.6891,0.3063,0.7398,0.4491,57615.973,-20.64,8.64,-39.64,56.61,-8.64,2.07,5,996.56,56.43,46.163612,15.869033,712.09,NaN,,6.08,12.226105,63.9,17 / 21,763004,2022-07-15 14:14:42:071
-2.0471,-0.207,13.815,-0.4731,1.4659,9.6849,1.0341,0.1845,2.7467,-0.2489,-0.024,-0.6163,10167.998,-20.19,6.41,-39.92,56.11,-12.88,2.44,5,996.57,59.048,46.163612,15.869033,712.09,NaN,,6.08,12.226105,63.9,17 / 21,763505,2022-07-15 14:14:42:572
-1.6744,1.9669,13.0451,-0.8373,2.0594,9.5514,-1.0988,0.0789,2.639,0.0336,0.1513,0.3657,9864.99,-20.96,6.83,-39.15,58.51,-10.67,2.56,5,996.59,62.749,46.16362,15.869051,711.58,NaN,,6.01,12.226105,62.9,17 / 21,764005,2022-07-15 14:14:43:072
-0.8877,0.6012,11.351,-0.8422,2.5708,9.4261,1.2524,-0.6203,1.4736,-0.7359,-0.1808,-0.962,9880.988,-19.39,6.62,-39.11,55.01,-14.13,5.44,5,996.59,51.979,46.16362,15.869051,711.58,NaN,,6.01,12.226105,62.9,17 / 21,764505,2022-07-15 14:14:43:572
-3.2261,1.8616,13.1384,-1.2041,2.3309,9.4492,-1.5007,0.1228,2.5957,0.3397,0.2312,0.0934,9337.005,-18.49,7.5,-39.71,54.11,-10.55,3.87,5,996.61,49.668,46.163628,15.869069,712.18,NaN,,5.94,12.226105,62.4,17 / 21,765005,2022-07-15 14:14:44:072
0.4929,2.2959,11.8176,-0.7056,1.9248,9.59,0.1738,-0.3061,1.5235,-0.4474,-0.1962,-0.0977,9722.971,-15.41,7.71,-39.98,47.12,-14.97,5.81,5,996.61,55.95,46.163628,15.869069,712.18,NaN,,5.94,12.226105,62.4,17 / 21,765504,2022-07-15 14:14:44:571
-2.8134,3.5623,9.259,-1.1421,1.8434,9.5639,-1.2493,1.1972,0.2491,-0.0635,0.3555,0.4185,8721,-15.54,10.09,-39.28,47.41,-11.12,3.9,5,996.65,52.406,46.163635,15.869086,712.43,NaN,,5.9,12.226105,59,17 / 22,766004,2022-07-15 14:14:45:071
-0.3643,1.0893,11.1165,-1.0958,1.9193,9.5544,0.268,-0.5008,-1.4305,-0.1512,-0.1333,-0.525,8279.011,-14.19,10.14,-38.81,47.26,-10.49,5.99,5,996.66,62.747,46.163635,15.869086,712.43,NaN,,5.9,12.226105,59,17 / 22,766505,2022-07-15 14:14:45:572
-3.7771,2.4538,11.4365,-0.8498,1.6251,9.6337,-1.1017,1.2282,0.1468,0.0018,-0.0884,-0.1384,6785.0327,-14.61,9.26,-38.49,53.7,-6.78,4.68,5,996.61,68.084,46.163643,15.869104,712.66,NaN,,6.08,12.226105,57.4,16 / 22,767005,2022-07-15 14:14:46:072
-0.7346,0.7777,12.8441,-0.865,1.539,9.6464,0.9913,0.2219,-0.9351,0.0237,-0.1736,-0.4562,6369.0303,-13.84,10.54,-39.53,48.33,-9.52,7.66,5,996.61,65.85,46.163643,15.869104,712.66,NaN,,6.08,12.226105,57.4,16 / 22,767505,2022-07-15 14:14:46:572
-3.9906,2.0357,12.1591,-1.4498,1.5463,9.5748,-1.9529,0.7544,1.9694,0.2173,-0.0846,-0.5074,6794.0103,-14.17,9.17,-40.37,53.58,-6.35,5.67,5,996.59,53.122,46.16365,15.869121,712.02,NaN,,5.9,12.226105,58.5,16 / 22,768004,2022-07-15 14:14:47:071
-0.4493,1.273,11.9725,-1.9288,1.9629,9.4126,-0.2961,-0.8223,-3.193,-0.0538,-0.0944,-0.0084,7103.97,-14.34,6.3,-41.25,59.48,-9.74,10.02,5,996.62,58.212,46.16365,15.869121,712.02,NaN,,5.9,12.226105,58.5,16 / 22,768504,2022-07-15 14:14:47:571
-3.2812,3.1878,11.863,-1.556,1.4034,9.5802,0.4579,1.1178,-2.7062,0.1442,-0.1321,-0.1304,6320.97,-14.01,6.68,-40.99,62.15,-5.83,9.41,5,996.61,57.622,46.163654,15.869138,712.55,NaN,,5.8,12.226105,62.4,16 / 22,769004,2022-07-15 14:14:48:071
0.0359,2.4688,6.6999,-1.5423,2.9745,9.2165,1.3575,-0.9468,-3.3832,0.4253,-0.0179,0.4537,6953.986,-12.3,7.59,-40.63,48.43,-14.39,10.7,5,996.59,64.18,46.163654,15.869138,712.55,NaN,,5.8,12.226105,62.4,16 / 22,769504,2022-07-15 14:14:48:571
-2.3282,2.9085,7.273,-1.2621,1.3334,9.6332,0.874,0.9567,-1.9448,0.0564,-0.2398,-0.2271,7460.9785,-13.26,7.2,-40.01,56.22,-7.81,7.46,5,996.61,53.71,46.163666,15.869154,713.43,NaN,,5.98,12.226105,57.6,17 / 22,770005,2022-07-15 14:14:49:072
0.5856,3.2142,8.0297,-1.8161,2.3644,9.3425,0.8106,-1.3958,-2.6187,-0.2509,0.2333,0.2313,6991.988,-14.38,9.38,-39.88,50.7,-13.3,10.47,5,996.6,58.797,46.163666,15.869154,713.43,NaN,,5.98,12.226105,57.6,17 / 22,770506,2022-07-15 14:14:49:573
-0.4965,2.6225,7.6433,-0.9923,1.2008,9.6821,0.0075,-0.4551,-1.2958,-0.2149,0.0338,-0.4134,7341.0303,-13.44,9.96,-40.73,47.85,-8.48,6.18,5,996.61,61.439,46.163673,15.86917,714.41,NaN,,5.76,12.226105,54.5,16 / 22,771004,2022-07-15 14:14:50:071
-0.1244,1.3974,5.6973,-0.9447,1.7258,9.6073,0.5084,-1.1245,-1.218,0.0807,-0.2807,0.232,7335.0234,-16.11,10.84,-39.84,51.56,-9.29,7.82,5,996.6,62.588,46.163673,15.86917,714.41,NaN,,5.76,12.226105,54.5,16 / 22,771504,2022-07-15 14:14:50:571
-0.5731,1.118,8.866,-0.4074,0.8986,9.7569,0.1052,-0.4107,1.4663,-0.1804,0.0101,-0.2587,7913.97,-17.66,10.5,-39.17,53.61,-5.26,2.39,5,996.61,58.599,46.16368,15.869185,714.37,NaN,,5.69,12.226105,55.5,16 / 22,772004,2022-07-15 14:14:51:071
-1.3322,0.7765,8.6668,-1.5615,1.8352,9.506,-1.9589,-2.5685,3.1792,0.6151,0.2656,0.8573,6596.9775,-16.54,11.18,-39.15,54.22,-8.42,8.29,5,996.59,46.993,46.16368,15.869185,714.37,NaN,,5.69,12.226105,55.5,16 / 22,772504,2022-07-15 14:14:51:571
-0.5306,1.6857,8.281,-1.0206,1.8775,9.571,0.1866,-0.6722,1.2443,0.4466,-0.0061,-0.1215,6952.028,-12.26,8.48,-40.03,44.96,-12.12,5.69,5,996.61,44.005,46.16369,15.869202,714.25,NaN,,5.76,12.226105,57.5,16 / 22,773004,2022-07-15 14:14:52:071
0.2734,2.7709,8.4144,-0.8322,2.8386,9.3499,-1.3417,-1.4785,3.4237,0.3887,0.1747,0.6235,7184.97,-13.88,6.06,-38.31,47.71,-15.72,5,5,996.6,46.327,46.16369,15.869202,714.25,NaN,,5.76,12.226105,57.5,16 / 22,773504,2022-07-15 14:14:52:571
0.3248,2.7667,9.8913,-0.6941,2.8318,9.3632,-0.313,0.5143,2.9638,-0.2469,0.1969,-0.4871,7493.986,-14.49,3.69,-37.43,49.65,-16.78,4.24,5,996.59,47.661,46.163696,15.869217,713.93,NaN,,5.62,12.226105,56.8,16 / 22,774005,2022-07-15 14:14:53:072
-2.86,1.739,12.9344,-1.5989,2.5602,9.3306,-1.3317,0.982,2.7557,-0.1054,0.4921,0.3587,6061.9727,-15.66,3.88,-37.71,57.41,-15.19,7.24,5,996.59,44.608,46.163696,15.869217,713.93,NaN,,5.62,12.226105,56.8,16 / 22,774506,2022-07-15 14:14:53:573
-1.3316,2.0818,10.5392,-1.1084,2.7943,9.3346,-0.1529,-0.0799,2.8674,0.1955,-0.2751,-0.4812,6578.0103,-15.39,5.4,-39.77,50.14,-17.69,6.65,5,996.57,49.058,46.163704,15.869232,713.57,NaN,,5.72,12.226105,56.3,16 / 22,775005,2022-07-15 14:14:54:072
-1.6792,2.7434,11.6668,-1.4065,2.7796,9.2987,-1.7417,0.6933,2.2656,0.2805,0.1762,0.394,6547.9727,-15.04,5.03,-40.56,53.86,-15.44,8.09,5,996.61,60.401,46.163704,15.869232,713.57,NaN,,5.72,12.226105,56.3,16 / 22,775505,2022-07-15 14:14:54:572
0.5797,2.9827,10.7773,-1.0296,2.917,9.306,0.0176,0.2332,-0.9194,-0.2411,-0.2513,-0.6513,6939.001,-13.91,6.13,-39.66,46.97,-17.3,6.31,5,996.56,65.46,46.16371,15.869248,712.69,NaN,,5.51,12.226105,60.2,17 / 22,776004,2022-07-15 14:14:55:071
-2.2834,2.4138,12.5157,-0.9135,2.1605,9.522,-0.5095,0.5811,0.469,0.0759,0.1206,-0.1126,8223.998,-14.49,4.99,-37.37,54.44,-11.02,3.9,5,996.57,40.97,46.16371,15.869248,712.69,NaN,,5.51,12.226105,60.2,17 / 22,776505,2022-07-15 14:14:55:572
0.4439,1.8748,11.1398,-0.3808,1.9215,9.609,0.3103,-0.3786,-0.6374,-0.3693,-0.1036,-0.066,9202.005,-15.13,6.36,-36.37,52.47,-12.3,3.75,5,996.53,38.746,46.16372,15.869266,712.24,NaN,,5.51,12.226105,60.5,17 / 22,777004,2022-07-15 14:14:56:071
-1.7372,1.8108,12.5007,-0.581,1.6523,9.649,-0.4511,0.758,-0.5926,0.1371,0.0341,-0.0915,9689.018,-16.86,9.58,-35.81,52.31,-7.36,2.69,5,996.56,40.969,46.16372,15.869266,712.24,NaN,,5.51,12.226105,60.5,17 / 22,777504,2022-07-15 14:14:56:571
0.3757,2.3234,9.0407,-0.7241,1.5591,9.6548,0.2496,-0.2518,-3.3679,-0.1009,-0.3025,-0.1243,10768.006,-15.96,8.16,-36.15,54.27,-9.15,4.29,5,996.55,41.405,46.163723,15.869283,712.17,NaN,,5.65,12.226105,56.1,19 / 22,778005,2022-07-15 14:14:57:072
-1.2389,2.2576,8.2881,-0.5024,1.1423,9.7269,0.3542,0.7851,-2.0673,0.0784,-0.09,-0.126,67358.99,-17.89,7.76,-36.02,60.01,-5.58,2.76,5,996.56,45.777,46.163723,15.869283,712.17,NaN,,5.65,12.226105,56.1,19 / 22,778505,2022-07-15 14:14:57:572
-0.457,1.9807,6.3117,-1.1847,1.8122,9.5647,0.4374,-0.2076,-4.0689,0.1762,0.0463,0.6614,65212.965,-19.01,6.71,-36.07,63.1,-8.67,7.45,5,996.54,42.594,46.163727,15.869299,711.76,NaN,,5.44,12.226105,56,19 / 22,779004,2022-07-15 14:14:58:071
-1.2209,2.5095,7.2,-0.8193,1.4485,9.6644,0.5206,0.7662,-2.9868,0.0594,0.0232,-0.2119,64809.992,-15.08,8.19,-36.71,56.43,-6.89,5.33,5,996.55,42.848,46.163727,15.869299,711.76,NaN,,5.44,12.226105,56,19 / 22,779504,2022-07-15 14:14:58:571
-0.9727,1.2837,7.0361,-1.2424,1.4474,9.6193,-0.497,-0.0706,-1.2506,-0.0476,-0.1545,0.4459,63038.996,-20.51,6.66,-36.58,64.96,-8.49,7.36,5,996.56,44.795,46.163734,15.869316,712.67,NaN,,5.47,12.226105,56.4,19 / 22,780004,2022-07-15 14:14:59:071
0.1747,0.6156,9.4863,-0.7088,0.9759,9.7322,1.0924,0.6542,-1.4127,-0.159,-0.0604,-0.2974,66231,-26.32,7.11,-34.86,69.68,-6.29,4.29,5,996.55,45.605,46.163734,15.869316,712.67,NaN,,5.47,12.226105,56.4,19 / 22,780505,2022-07-15 14:14:59:572
-0.2764,1.6265,8.7948,-1.077,1.4271,9.6423,-0.2757,-0.0502,-0.1505,0.0067,-0.2104,0.6771,64935,-25.69,4.31,-35.68,74.31,-8.16,7.43,5,996.58,47.873,46.163746,15.869332,713.91,NaN,,5.54,12.226105,56.6,19 / 22,781004,2022-07-15 14:15:00:071
0.2506,0.5521,10.0738,-0.5607,1.604,9.6583,1.1151,0.5492,1.555,-0.2395,-0.2322,-0.4105,63052.965,-18.24,7.84,-37.01,55.62,-9.41,3.32,5,996.6,45.154,46.163746,15.869332,713.91,NaN,,5.54,12.226105,56.6,19 / 22,781504,2022-07-15 14:15:00:571
-0.5773,2.2887,8.9348,-1.273,1.6141,9.5888,-2.2375,0.3417,3.5779,0.2778,0.0157,0.7097,63711.97,-20.08,4.93,-36.02,67.11,-9.47,7.56,5,996.62,47.559,46.163754,15.869348,713.19,NaN,,5.4,12.226105,62.3,19 / 22,782004,2022-07-15 14:15:01:071
-1.7952,-0.2004,12.789,-0.9255,1.3817,9.6646,1.402,0.828,1.4371,0.1684,-0.0221,-0.6288,64305.023,-17.81,6.71,-35.57,57.15,-10.95,4.52,5,996.6,47.594,46.163754,15.869348,713.19,NaN,,5.4,12.226105,62.3,19 / 22,782505,2022-07-15 14:15:01:572
-1.8903,1.4237,11.7452,-1.3379,1.9551,9.5162,-0.6292,0.2459,1.8575,-0.2388,0.0335,0.2619,63177.977,-18.49,2.57,-34.87,64.49,-13.13,6.31,5,996.59,50.317,46.163757,15.869367,713.35,NaN,,5.51,12.226105,70.1,19 / 22,783005,2022-07-15 14:15:02:072
-1.0959,0.4774,13.8174,-0.8519,2.0362,9.555,0.8032,0.4645,-0.7855,-0.2262,-0.6151,-0.7978,39334.008,-19.78,4.65,-33.92,63.27,-11.98,5.09,5,996.62,47.794,46.163757,15.869367,713.35,NaN,,5.51,12.226105,70.1,19 / 22,783504,2022-07-15 14:15:02:571
-1.4411,2.0734,10.9693,-1.1561,2.0487,9.5203,-0.451,0.8711,0.1854,-0.5021,0.1139,-0.0018,6180.975,-20.4,3.77,-32.42,67.04,-12.06,6.92,5,996.58,44.427,46.16376,15.869385,714.91,NaN,,5.65,12.226105,65.6,19 / 22,784004,2022-07-15 14:15:03:071
-0.3978,1.8401,12.213,-0.5914,1.938,9.595,0.0634,0.1761,-1.4556,-0.1662,-0.4882,0.2023,6191.0327,-19.67,4.11,-31.14,67.62,-11.28,6.06,5,996.58,47.22,46.16376,15.869385,714.91,NaN,,5.65,12.226105,65.6,19 / 22,784505,2022-07-15 14:15:03:572
-0.3517,3.2734,9.6084,0.1193,1.8921,9.6216,-0.9742,1.0511,0.3655,0.2926,-0.1138,0.0031,5877.968,-22.63,8.59,-30.32,59.33,-8.18,-1.25,5,996.56,50.59,46.163765,15.869402,715.5,NaN,,5.47,12.226105,65.2,19 / 22,785005,2022-07-15 14:15:04:072
1.1773,2.1081,11.6662,0.0294,1.7894,9.642,-0.2409,-0.5236,-3.1407,0.1049,-0.3442,-0.035,6434.9775,-21.19,8.38,-32.68,56.37,-10.51,-0.17,5,996.55,47.508,46.163765,15.869402,715.5,NaN,,5.47,12.226105,65.2,19 / 22,785504,2022-07-15 14:15:04:571
0.4152,2.7212,9.9332,0.0904,1.4955,9.6915,0.0894,0.4099,-2.6886,0.0786,0.2818,-0.1237,6347.0254,-23.61,8.19,-33.66,61,-8.77,-0.53,5,996.54,56.557,46.16377,15.869418,712.85,NaN,,4.57,12.226105,78.3,16 / 22,786006,2022-07-15 14:15:05:073
-0.265,1.1946,9.5988,-0.1946,1.7067,9.655,0.2416,-0.3038,-2.8524,0.3984,-0.7613,0.0925,5601.015,-20.83,8.4,-36.43,62.22,-7.78,4.62,5,996.59,48.237,46.16377,15.869418,712.85,NaN,,4.57,12.226105,78.3,16 / 22,786506,2022-07-15 14:15:05:573
-0.4122,1.7097,8.482,0.2626,1.4125,9.7008,-0.1745,0.3559,-1.974,0.0699,0.0234,-0.2408,5738.9854,-21.66,8.31,-36.99,59.27,-7.13,-1.27,5,996.58,51.976,46.16377,15.869434,711.02,NaN,,4.68,12.226105,78.8,16 / 22,787006,2022-07-15 14:15:06:073
-0.2417,1.5302,7.4255,-0.0143,1.2926,9.7211,0.2266,-0.3761,-0.7822,0.1633,-0.0202,0.1058,5663.9927,-21.96,7.46,-36.94,61.83,-7.57,0.08,5,996.53,45.544,46.16377,15.869434,711.02,NaN,,4.68,12.226105,78.8,16 / 22,787506,2022-07-15 14:15:06:573
0.3242,2.2385,6.8321,0.0493,1.1381,9.7403,0.3531,-0.0873,-0.1702,-0.0611,0.0067,-0.0448,6309.023,-22.57,6.96,-36.77,63.73,-6.66,-0.29,5,996.57,42.526,46.163773,15.869451,711.25,NaN,,5.08,12.226105,69.8,16 / 22,788004,2022-07-15 14:15:07:071
-0.8818,0.8536,7.5434,-0.2723,1.7411,9.647,1.2895,0.4243,-2.2634,-0.2095,-0.05,0.166,6466.9727,-21.69,5.12,-36.73,63.29,-11.1,2.42,5,996.54,44.064,46.163773,15.869451,711.25,NaN,,5.08,12.226105,69.8,16 / 22,788505,2022-07-15 14:15:07:572
-0.2154,1.1665,8.787,-0.1537,1.1465,9.7382,0.333,0.3536,-1.8007,-0.2929,0.016,-0.1073,6783.008,-20.62,4.97,-36.13,67.27,-7.24,2.27,5,996.61,44.395,46.16378,15.869469,712.25,NaN,,5.47,12.226105,63.5,16 / 21,789005,2022-07-15 14:15:08:072
-0.2154,0.7555,9.3805,-0.7087,1.204,9.7066,-0.815,0.3338,0.062,0.0393,-0.4377,0.3505,5784.008,-21.79,4.2,-35.48,71.79,-7.05,4.18,5,996.58,45.273,46.16378,15.869469,712.25,NaN,,5.47,12.226105,63.5,16 / 21,789506,2022-07-15 14:15:08:573
1.7749,2.5406,9.8883,0.699,1.3333,9.6904,1.1961,0.4504,0.8423,-0.3716,-0.93,-0.4465,6062.9854,-22.59,5.63,-35.76,61.5,-7.81,-4.13,5,996.62,50.847,46.163788,15.869487,712.67,NaN,,5.33,12.226105,63.9,16 / 21,790005,2022-07-15 14:15:09:072
-0.0921,0.6849,14.5711,-0.4292,1.4658,9.687,-0.1343,1.1053,-0.4052,-0.4201,0.2173,0.5426,5695.988,-24.49,4.89,-35.79,63.17,-11.75,0.22,5,996.61,56.034,46.163788,15.869487,712.67,NaN,,5.33,12.226105,63.9,16 / 21,790505,2022-07-15 14:15:09:572
-2.2217,-1.9047,18.7286,-0.029,0.7384,9.7788,-0.8925,-2.0527,5.8096,-0.4968,0.2078,-0.3346,6222.015,-22.67,7.86,-37.97,58.98,-8.38,-0.81,5,996.61,50.178,46.1638,15.869506,714.41,NaN,,6.98,12.226105,48.8,16 / 21,791005,2022-07-15 14:15:10:072
-1.483,0.4887,13.5864,-0.0385,1.5435,9.6844,0.0729,0.7582,0.8431,-0.2176,-0.1048,0.0857,6345.0005,-25.28,7.41,-38.19,62.89,-9.06,0.23,5,996.61,45.633,46.1638,15.869506,714.41,NaN,,6.98,12.226105,48.8,16 / 21,791506,2022-07-15 14:15:10:573
2.5388,1.5565,9.9553,0.2173,1.8726,9.6237,0.0301,-0.1355,0.076,0.1468,-0.368,-0.2155,6315.975,-23.19,6.75,-37.91,57.28,-11.01,-1.29,5,996.58,41.18,46.163807,15.869522,715.38,NaN,,5.44,12.226105,54,15 / 21,792005,2022-07-15 14:15:11:072
-0.8471,2.5531,9.9069,-0.0394,1.8348,9.6334,0.0547,0.3832,1.1464,0.5067,0.1239,0.0037,6542.9775,-24.11,5.08,-37.57,67.75,-7.3,-0.09,5,996.59,49.705,46.163807,15.869522,715.38,NaN,,5.44,12.226105,54,15 / 21,792505,2022-07-15 14:15:11:572
0.3679,2.01,9.1932,0.0594,1.8127,9.6375,-0.2955,-0.3818,-2.5481,0.0805,-0.1721,-0.0961,7202.9927,-24.11,4.43,-37.67,65.2,-10.65,-0.35,5,996.55,44.548,46.163815,15.869539,715.65,NaN,,5.33,12.226105,59.6,15 / 21,793005,2022-07-15 14:15:12:072
-1.4094,2.0776,9.4828,-0.7544,1.1922,9.7046,0.2091,-0.026,-1.4635,0.2149,-0.1167,0.0548,7017.975,-24.6,6.62,-38.66,67.74,-6.98,4.45,5,996.58,48.554,46.163815,15.869539,715.65,NaN,,5.33,12.226105,59.6,15 / 21,793504,2022-07-15 14:15:12:571
-0.7412,1.5906,8.1577,-0.7303,1.3104,9.6912,-0.5179,-0.5852,-2.2404,0.2947,-0.2894,0.6043,6999.008,-25.18,7.44,-39.56,66.73,-7.68,4.31,5,996.49,51.526,46.163822,15.869555,714.64,NaN,,5.22,12.226105,60.3,15 / 21,794004,2022-07-15 14:15:13:071
-0.4983,1.4764,7.3316,-0.62,0.7717,9.7566,0.8732,0.0264,-1.55,0.1022,0.2794,0.0754,7423.988,-25.22,9.04,-38.55,66.51,-3.93,2.44,5,996.54,62.408,46.163822,15.869555,714.64,NaN,,5.22,12.226105,60.3,15 / 21,794505,2022-07-15 14:15:13:572
-0.6239,0.2782,10.0522,-0.8565,1.1271,9.7039,-1.7329,-0.9979,1.3573,0.3603,-0.1974,0.0533,6959.9927,-23.42,7.67,-37.73,65.32,-6.6,5.04,5,996.57,60.513,46.16383,15.86957,714.25,NaN,,4.82,12.226105,60.5,15 / 21,795005,2022-07-15 14:15:14:072
0.6778,1.0564,10.4782,-0.5341,1.0196,9.7389,-0.4953,-0.8895,2.3864,0.1064,-0.0091,-0.0702,7299.99,-26.25,7.86,-36.34,67.54,-5.97,3.14,5,996.54,58.558,46.16383,15.86957,714.25,NaN,,4.82,12.226105,60.5,15 / 21,795504,2022-07-15 14:15:14:571
-1.0169,1.6451,9.2417,-0.6815,1.6608,9.6409,-0.584,-0.5773,2.1036,-0.2985,-0.1246,0.1104,7336.981,-23.79,7.11,-36.45,64.39,-9.75,4.04,5,996.57,56.638,46.163837,15.869584,712.55,NaN,,4.72,12.226105,64.4,14 / 21,796004,2022-07-15 14:15:15:071
-1.4339,-0.4265,11.9689,0.0246,1.4446,9.6996,1.6636,-0.4422,1.6714,-0.3304,-0.556,-0.9088,7771.0054,-24.51,7.07,-36.69,63.43,-10.6,2.97,5,996.54,55.645,46.163837,15.869584,712.55,NaN,,4.72,12.226105,64.4,14 / 21,796504,2022-07-15 14:15:15:571
-0.932,0.6933,10.7719,-0.0665,1.4753,9.6948,-0.8022,0.5826,0.487,-0.2647,-0.0174,-0.2187,7634.9927,-25.31,5.72,-35.61,65.85,-8.65,0.39,5,996.55,56.1,46.16384,15.869601,713.5,NaN,,4.97,12.226105,69.6,15 / 21,797005,2022-07-15 14:15:16:072
1.2652,1.3304,12.667,0.0747,1.7136,9.6555,0.4987,0.3861,-0.4827,-0.4565,-0.1539,-0.8997,7659.0234,-24.11,4.54,-35.19,64.99,-10.06,-0.44,5,996.55,52.442,46.16384,15.869601,713.5,NaN,,4.97,12.226105,69.6,15 / 21,797504,2022-07-15 14:15:16:571
-1.3011,1.9388,10.2479,0.2338,2.2386,9.5449,-0.9243,0.6972,0.1198,0.4824,0.0241,-0.0846,7642.0127,-24.75,0.15,-33,72.4,-13.2,-1.4,5,996.51,46.782,46.163845,15.869618,712.84,NaN,,5,12.226105,76.5,16 / 22,798004,2022-07-15 14:15:17:071
0.1944,1.5015,12.3589,-0.024,1.9052,9.6198,0.2447,-0.287,0.3148,0.1481,-0.1618,-0.0956,7514.0327,-23.55,-2.38,-31.95,81.34,-10.48,1.25,5,996.54,51.909,46.163845,15.869618,712.84,NaN,,5,12.226105,76.5,16 / 22,798504,2022-07-15 14:15:17:571
-0.5115,2.412,10.0642,-0.1145,1.4167,9.7031,0.4965,0.7574,-2.3277,0.2081,-0.0012,0.168,7357.028,-25.56,-2.38,-31.07,84.68,-8.31,0.68,5,996.5,61.14,46.16385,15.869636,713.21,NaN,,5,12.226105,79,16 / 22,799004,2022-07-15 14:15:18:071
0.064,1.934,8.4036,-0.4575,1.7282,9.6423,-0.0364,-0.1594,-3.1164,0.1856,-0.067,0.5202,7092.0234,-26.1,0.77,-31.88,76.89,-10.15,2.72,5,996.51,65.082,46.16385,15.869636,713.21,NaN,,5,12.226105,79,16 / 22,799504,2022-07-15 14:15:18:571
-0.816,2.0806,10.4949,0.0073,1.2255,9.7298,-0.157,0.4484,-1.7895,0.4382,-0.0496,-0.2212,7551.968,-28.14,4.63,-31.84,72.24,-7.18,-0.04,5,996.52,63.086,46.163853,15.869655,715.28,NaN,,5.26,12.226105,72.1,16 / 22,800005,2022-07-15 14:15:19:072
-1.1426,0.9266,9.6981,-0.3258,1.1092,9.7383,0.1591,0.2338,-3.1797,0.0264,0.2222,-0.2004,7288.988,-27.39,5.27,-32.21,73.36,-6.14,1.49,5,996.52,62.064,46.163853,15.869655,715.28,NaN,,5.26,12.226105,72.1,16 / 22,800504,2022-07-15 14:15:19:571
-0.9876,1.3944,9.746,-0.5285,0.7797,9.7613,-0.2067,-0.149,0.0233,0.3353,-0.0774,0.0555,7416.968,-26.53,5.01,-33.15,75.4,-4.56,3.1,5,996.52,62.24,46.163857,15.869672,715.45,NaN,,5.11,12.226105,69.1,16 / 21,801004,2022-07-15 14:15:20:071
0.6341,1.051,11.4341,-0.3765,1.533,9.6788,-0.7202,-0.2849,-1.2057,-0.3431,0.0696,0.4298,7251.9976,-28.95,-0.39,-26.46,82.62,-8.99,2.23,5,996.53,59.651,46.163857,15.869672,715.45,NaN,,5.11,12.226105,69.1,16 / 21,801504,2022-07-15 14:15:20:571
-0.1938,0.4528,9.4229,-0.6573,0.9202,9.7412,0.4056,-0.5597,-0.0311,0.2661,-0.2489,-0.2092,7605.968,-24.15,-2.94,-28.52,90.94,-5.38,3.86,5,996.55,61.368,46.163864,15.869689,715.75,NaN,,5.15,12.226105,65,17 / 21,802004,2022-07-15 14:15:21:071
-1.1115,1.1725,8.5777,-0.6203,1.3615,9.6919,-1.213,-1.1495,2.4522,0.2002,-0.0534,0.3213,7525.981,-24.3,-2.76,-32.14,86.08,-8.96,3.57,5,996.54,60.518,46.163864,15.869689,715.75,NaN,,5.15,12.226105,65,17 / 21,802505,2022-07-15 14:15:21:572
0.9153,-0.0837,12.5085,-0.0962,1.4124,9.7039,0.6158,0.5279,1.5634,-0.429,-0.1733,-0.8506,7866.99,-26.49,0.88,-32.57,77.77,-8.28,0.57,5,996.53,64.236,46.16387,15.869705,715.8,NaN,,5.04,12.226105,60,17 / 22,803005,2022-07-15 14:15:22:072
-0.2177,2.184,11.464,0.2407,1.3809,9.706,-0.2419,0.6459,0.8574,0.1852,-0.0269,-0.0591,7013.9927,-34.12,6.49,-26.1,73.75,-8.09,-1.42,5,996.54,59.867,46.16387,15.869705,715.8,NaN,,5.04,12.226105,60,17 / 22,803506,2022-07-15 14:15:22:573
0.35,1.4949,9.1854,-0.0509,1.3682,9.7106,0.04,-0.3522,-0.1392,0.4736,0.1801,0.4692,7188.008,-33.32,8.36,-26.7,70.61,-8.02,0.3,5,996.52,58.255,46.16388,15.869721,715.5,NaN,,5.04,12.226105,61.6,17 / 22,804004,2022-07-15 14:15:23:071
-0.7938,2.2038,10.5805,0.2974,1.4981,9.687,-0.1622,0.8856,-1.0888,-0.0234,0.0439,-0.1545,2038.0276,-33.17,9.79,-34.95,65.54,-7.07,-2.22,5,996.51,57.431,46.16388,15.869721,715.5,NaN,,5.04,12.226105,61.6,17 / 22,804505,2022-07-15 14:15:23:572
0.0108,-0.1047,10.5081,0.4152,0.0971,9.7974,-2.0161,-1.9626,0.437,-0.6259,0.5299,0.103,3640.0051,-33.68,9.15,-34.61,73.93,-0.57,-2.43,5,996.49,53.999,46.163887,15.869737,714.93,NaN,,5,12.226105,61.2,17 / 22,805004,2022-07-15 14:15:24:071
1.0744,-0.2375,8.8068,-0.5367,-0.4457,9.7818,0.3004,-1.2381,-1.9878,0.3351,0.3015,-0.0116,8421.03,-31.07,13.01,-34.99,70.76,2.6,3.14,5,996.5,54.495,46.163887,15.869737,714.93,NaN,,5,12.226105,61.2,17 / 22,805505,2022-07-15 14:15:24:572
-0.8453,-0.5192,9.7418,-0.4906,0.1198,9.7936,-1.14,-0.902,1.4357,0.2517,-0.1982,0.418,8578.98,-29.29,10.35,-36.66,72.37,0.25,3.13,5,996.54,46.42,46.16389,15.869752,714.59,NaN,,4.68,12.226105,61.5,16 / 22,806004,2022-07-15 14:15:25:071
1.5589,0.9559,11.348,-0.0998,0.6903,9.7818,1.4584,-0.2088,0.7899,-0.5964,-0.0551,-0.1674,8979.998,-27.6,11.85,-36.66,63.3,-4.34,1.9,5,996.54,44.942,46.16389,15.869752,714.59,NaN,,4.68,12.226105,61.5,16 / 22,806504,2022-07-15 14:15:25:571
-0.0604,0.6317,13.4782,-0.1134,1.7376,9.6508,-0.3524,0.5048,0.9834,-0.0415,-0.1687,0.0984,8458.0205,-27.09,12.24,-35.96,56.53,-10.21,0.67,5,996.53,52.389,46.1639,15.869767,715.21,NaN,,4.86,12.226105,59.5,17 / 22,807005,2022-07-15 14:15:26:072
0.6114,2.7057,11.2235,0.2271,2.1528,9.5647,0.1443,0.2294,-0.6844,0.0508,-0.0391,-0.3533,8654.985,-24.6,7.69,-37.37,56.34,-12.68,-1.36,5,996.52,45.163,46.1639,15.869767,715.21,NaN,,4.86,12.226105,59.5,17 / 22,807504,2022-07-15 14:15:26:571
-0.2118,2.9192,8.7284,0.3845,2.0714,9.5777,-0.6998,0.3747,-0.145,0.3592,-0.0315,0.0455,8824.005,-24.56,2.87,-37.18,67.03,-10.42,-2.69,5,996.48,45.567,46.163902,15.869782,715.58,NaN,,4.82,12.226105,66.1,17 / 23,808004,2022-07-15 14:15:27:071
0.9212,1.4554,9.5103,0.071,1.684,9.6607,-0.2867,-1.132,-0.7361,-0.0046,-0.1476,-0.4871,8626.028,-22.24,2.12,-37.82,70.74,-8.15,-1.13,5,996.52,46.544,46.163902,15.869782,715.58,NaN,,4.82,12.226105,66.1,17 / 23,808504,2022-07-15 14:15:27:571
-0.8632,2.3647,9.1651,0.1298,1.0792,9.7462,-0.3127,0.3096,0.0382,0.2399,-0.131,-0.5883,9139.028,-21.45,-3.36,-38.08,85.95,-6.61,-1.07,5,996.51,47.494,46.163902,15.869797,715.86,NaN,,4.36,12.226105,84.3,17 / 24,809005,2022-07-15 14:15:28:072
0.2949,1.1934,8.2385,-0.2156,1.8478,9.6286,0.6227,-0.66,0.0322,0.0935,-0.4349,-0.3384,9346.995,-16.93,-11.7,-38.51,104.17,-10.86,1.28,5,996.51,45.914,46.163902,15.869797,715.86,NaN,,4.36,12.226105,84.3,17 / 24,809504,2022-07-15 14:15:28:571
-0.2052,1.1904,9.5689,0.4458,0.6557,9.7745,-0.2146,0.5892,-0.3086,-0.1109,-0.1656,-1.0509,9512.033,-15.54,-18.86,-36.62,138.28,-5,-3.16,5,996.53,49.222,46.1639,15.86981,714.47,NaN,,3.85,12.226105,111.2,17 / 23,810004,2022-07-15 14:15:29:071
0.6514,2.2026,8.3384,-0.0957,1.9909,9.602,-0.7582,0.0416,2.1206,0.3283,0.1988,0.5725,9045,-9.51,-22.56,-36.26,149,-11,-0.92,5,996.54,48.743,46.1639,15.86981,714.47,NaN,,3.85,12.226105,111.2,17 / 23,810505,2022-07-15 14:15:29:572
-1.1545,1.2233,10.9986,0.2458,2.008,9.5957,0.051,-0.2128,1.764,-0.3403,0.1652,-0.3857,9009.968,-11.23,-25.97,-32.87,148.68,-12.82,-0.05,5,996.54,45.435,46.16389,15.869818,714.3,NaN,,4.1,12.226105,145.2,17 / 23,811005,2022-07-15 14:15:30:072
0.0945,1.6636,11.0883,-0.6279,1.9482,9.5907,-0.3281,0.0235,2.0613,0.1043,0.3056,0.048,9366.03,-10.71,-24.9,-31.05,148.4,-11.08,0.83,5,996.54,58.103,46.16389,15.869818,714.3,NaN,,4.1,12.226105,145.2,17 / 23,811506,2022-07-15 14:15:30:573
0.009,1.9759,11.3737,-0.1751,1.8977,9.6197,0.3261,-0.288,1.3099,0.2406,-0.2334,-0.3955,9364.006,-13.58,-24.77,-29.78,140.92,-10.4,3.29,5,996.53,57.578,46.163876,15.869821,712.36,NaN,,4.72,12.226105,163.4,17 / 22,812004,2022-07-15 14:15:31:071
-0.1717,2.4287,11.5011,-0.1059,2.054,9.5885,-0.3664,0.671,-1.2308,0.1854,0.0547,0.286,9969.008,-12.26,-26.91,-27.86,151.11,-8.84,0.74,5,996.52,51.183,46.163876,15.869821,712.36,NaN,,4.72,12.226105,163.4,17 / 22,812504,2022-07-15 14:15:31:571
0.265,2.3318,10.992,0.1639,2.1404,9.5688,-0.06,0.1085,-1.3395,0.0774,-0.0846,-0.0625,10309.006,-16.35,-26.21,-26.63,141.19,-11.66,0.22,5,996.52,47.532,46.16386,15.869822,711.23,NaN,,4.68,12.226105,167.5,16 / 21,813004,2022-07-15 14:15:32:071
0.4582,3.4181,8.6082,0.2484,2.4232,9.4993,-0.1294,0.466,-2.3869,0.2766,-0.1164,-0.2214,10652.985,-18.53,-24.56,-26.79,136.06,-10.96,-0.7,5,996.54,49.446,46.16386,15.869822,711.23,NaN,,4.68,12.226105,167.5,16 / 21,813504,2022-07-15 14:15:32:571
-0.0867,2.3958,8.5196,-0.0116,2.2287,9.55,0.0569,-0.037,-0.9843,0.3236,-0.0916,-0.0909,10662.03,-18.51,-25.33,-26.74,134.93,-10.77,1.4,5,996.53,54.07,46.16385,15.869825,711.98,NaN,,5,12.226105,169.5,16 / 21,814005,2022-07-15 14:15:33:072
0.0969,2.7858,7.2179,0.0598,1.8611,9.6283,0.3182,-0.1964,-1.0248,0.1587,-0.0095,-0.1828,10457.978,-24.49,-26.55,-25.22,133.35,-9.81,-0.91,5,996.53,55.801,46.16385,15.869825,711.98,NaN,,5,12.226105,169.5,16 / 21,814505,2022-07-15 14:15:33:572
-0.4391,2.2487,8.8953,-0.2762,2.2688,9.5366,-0.4002,-0.6735,-1.0589,0.2674,0.0483,0.3126,10302.998,-20.55,-24.88,-25.99,131.27,-11.69,2.49,5,996.52,56.093,46.163834,15.869829,710.45,NaN,,4.93,12.226105,167.3,16 / 22,815004,2022-07-15 14:15:34:071
-0.4092,2.6447,7.7127,0.3161,2.0169,9.5918,-0.5048,0.0486,-1.3858,-0.0715,-0.0619,0.0787,10518.998,-13.88,-20.91,-26.06,137.96,-11.75,-0.58,5,996.51,47.772,46.163834,15.869829,710.45,NaN,,4.93,12.226105,167.3,16 / 22,815504,2022-07-15 14:15:34:571
0.076,1.4088,8.3043,-0.0985,2.2019,9.5557,-0.4593,-1.4564,-0.611,0.5873,0.3367,0.2314,10495.98,-10.33,-17.36,-28.82,138.25,-9.85,1.1,5,996.52,48.986,46.163815,15.869834,710.2,NaN,,5.15,12.226105,163.4,15 / 22,816004,2022-07-15 14:15:35:071
1.4327,1.8311,9.8656,0.564,1.382,9.6924,-0.1766,0.6,0.1243,0.3458,0.1672,-0.2148,10596.016,-8.91,-20.7,-30.06,152.74,-11.88,-3.11,5,996.58,47.063,46.163815,15.869834,710.2,NaN,,5.15,12.226105,163.4,15 / 22,816505,2022-07-15 14:15:35:572
-0.2058,1.4387,7.3316,0.0028,1.7914,9.6416,-0.8707,-0.524,2.3553,0.077,-0.0619,0.505,9718.988,-7.56,-25.05,-31.91,155.45,-11.45,0.54,5,996.57,43.825,46.1638,15.869839,709.94,NaN,,5.29,12.226105,163.5,14 / 22,817005,2022-07-15 14:15:36:072
-0.0209,1.1539,8.8774,0.585,1.2979,9.7028,-0.5339,0.0254,0.8895,-0.2316,-0.0742,-0.1849,9683.011,-11.89,-26.25,-29.42,153.65,-10.26,-3.8,5,996.57,42.195,46.1638,15.869839,709.94,NaN,,5.29,12.226105,163.5,14 / 22,817504,2022-07-15 14:15:36:571
0.7783,2.1942,8.7464,-0.5674,1.9441,9.5953,0.3569,0.2569,-1.5083,-0.7401,0.4099,0.7381,9275.985,-10.87,-27.67,-28.91,147.99,-15.18,2.45,5,996.57,44.994,46.163788,15.869844,709.04,NaN,,5.36,12.226105,163.6,14 / 22,818004,2022-07-15 14:15:37:071
-0.2686,1.0816,11.3234,0.0571,1.6684,9.6635,1.6282,0.4095,1.9823,-0.1665,-0.1371,-0.328,8691.976,-12.45,-26.4,-28.63,148.44,-11.6,0.13,5,996.56,40.865,46.163788,15.869844,709.04,NaN,,5.36,12.226105,163.6,14 / 22,818505,2022-07-15 14:15:37:572
-0.0628,1.8048,8.8343,-0.3889,1.6369,9.6612,-1.3153,0.0791,2.5415,-0.0113,0.2675,0.3338,7816.028,-10.42,-26.04,-30.11,153.01,-10.58,0.42,5,996.56,44.959,46.163773,15.869848,709.66,NaN,,5.36,12.226105,166.5,14 / 22,819004,2022-07-15 14:15:38:071
-1.0714,0.0909,13.1013,-0.0027,1.2951,9.7208,1.181,0.6409,1.0237,-0.3274,-0.5138,-0.7569,7742.9927,-11.21,-25.54,-30.3,149.85,-10.27,1.51,5,996.56,42.278,46.163773,15.869848,709.66,NaN,,5.36,12.226105,166.5,14 / 22,819505,2022-07-15 14:15:38:572
-1.41,1.6068,11.7135,-0.3456,2.0016,9.594,-0.6485,0.5955,-0.8016,-0.4203,0.3164,0.2547,7380.99,-8.59,-25.46,-31.99,150.61,-11.78,2.06,5,996.55,54.05,46.16376,15.86985,708.99,NaN,,5.29,12.226105,170.8,14 / 19,820005,2022-07-15 14:15:39:072
0.1292,1.9902,11.0524,-0.637,1.8854,9.6026,0.1595,-0.1463,-0.8746,-0.5104,-0.5013,-0.657,7137.99,-9.69,-24.73,-31.44,146.12,-10.14,5.63,5,996.56,48.927,46.16376,15.86985,708.99,NaN,,5.29,12.226105,170.8,14 / 19,820505,2022-07-15 14:15:39:572
-1.8347,0.8937,12.6509,-0.8075,1.5741,9.6457,-0.8922,0.6784,-0.081,-0.0129,0.1365,-0.0182,7177.0054,-11.04,-22.61,-31.52,145.55,-7.9,3.02,5,996.53,42.448,46.163746,15.869852,709.01,NaN,,5.4,12.226105,172.1,14 / 19,821004,2022-07-15 14:15:40:071
-0.2213,2.2947,10.4788,-0.6703,1.7518,9.6256,0.4325,-0.1755,0.2356,0.1232,-0.0789,-0.0994,7166.0034,-10.69,-19.2,-30.02,136.8,-8.99,4.58,5,996.53,40.917,46.163746,15.869852,709.01,NaN,,5.4,12.226105,172.1,14 / 19,821504,2022-07-15 14:15:40:571
-1.0481,2.4287,10.5099,-0.4409,1.3349,9.7054,0.4378,0.9234,-2.3518,0.2373,0.1979,-0.0846,7503.0303,-8.49,-16.65,-27.49,145.12,-7.82,2.6,5,996.53,49.128,46.163727,15.869858,708.65,NaN,,5.44,12.226105,167.8,14 / 20,822004,2022-07-15 14:15:41:071
-0.6987,1.864,8.4562,-0.9861,1.6853,9.6103,-0.0406,-0.0718,-3.6451,0.0745,-0.095,-0.0552,7773.975,-5.96,-15.41,-26.23,141.38,-9.39,5.64,5,996.54,54.89,46.163727,15.869858,708.65,NaN,,5.44,12.226105,167.8,14 / 20,822504,2022-07-15 14:15:41:571
-0.2955,2.6512,8.1769,-0.7953,1.4235,9.6701,0.7542,0.8287,-2.7402,0.2888,-0.0884,0.0398,8854.988,-3.66,-14.53,-26.96,153.19,-5.81,4.66,5,996.53,47.743,46.163715,15.869864,709.1,NaN,,5.47,12.226105,167.7,13 / 21,823004,2022-07-15 14:15:42:071
-0.2417,1.6738,9.4277,-1.1205,1.8971,9.5559,0.6475,-0.064,-3.1452,0.1423,0.0502,0.1644,74768,0.09,-17.53,-27.62,165.83,-9.6,6.79,5,996.57,52.43,46.163715,15.869864,709.1,NaN,,5.47,12.226105,167.7,13 / 21,823504,2022-07-15 14:15:42:571
-1.3358,2.7769,6.9655,-0.6273,1.0712,9.7278,0.7167,0.3646,-1.0599,0.1849,-0.0928,-0.2427,75946.01,1.43,-20.74,-29.36,177.19,-6.27,3.69,5,996.55,48.529,46.163704,15.869869,708.61,NaN,,5.33,12.226105,169.4,14 / 21,824005,2022-07-15 14:15:43:072
-1.7713,1.0169,5.3791,-0.9845,2.2503,9.4941,-0.0739,-0.7992,-0.6356,0.0121,-0.0086,0.411,76780.984,4.14,-20.68,-30.24,180.9,-11.12,7.15,5,996.55,52.312,46.163704,15.869869,708.61,NaN,,5.33,12.226105,169.4,14 / 21,824505,2022-07-15 14:15:43:572
-0.5874,0.8788,9.6526,-0.6179,1.2321,9.7093,-0.0529,0.0206,-0.5151,-0.3202,-0.284,-0.5921,77572.016,1.52,-23.94,-29.49,178.98,-9.12,4.62,5,996.56,46.141,46.163692,15.869872,709.92,NaN,,5.4,12.226105,171.4,15 / 21,825004,2022-07-15 14:15:44:071
-0.1328,1.8999,5.5717,-1.4492,1.6425,9.5589,0.3285,-0.6106,-1.1494,0.0188,0.0476,0.7282,76503.016,4.88,-22.05,-31.56,181.35,-10.64,8.23,5,996.56,45.222,46.163692,15.869872,709.92,NaN,,5.4,12.226105,171.4,15 / 21,825505,2022-07-15 14:15:44:572
-0.99,0.6491,9.9476,-0.6828,1.4501,9.6748,1.119,-0.7999,3.0594,-0.2144,0.0434,-0.4286,74871,-0.13,-23.36,-32.25,172.88,-8.5,4.04,5,996.58,55.665,46.163677,15.869874,709.61,NaN,,5.47,12.226105,174.2,15 / 21,826004,2022-07-15 14:15:45:071
-0.7914,1.8574,7.9364,-1.5405,1.7528,9.525,-0.7495,-0.1679,2.2014,-0.396,0.1481,0.5444,76093.02,1.59,-23.36,-32.04,171.92,-11.05,7.75,5,996.59,66.793,46.163677,15.869874,709.61,NaN,,5.47,12.226105,174.2,15 / 21,826504,2022-07-15 14:15:45:571
-0.0778,1.3017,10.0014,-0.9341,1.4207,9.6581,-0.0813,-1.8479,3.5478,-0.1905,0.343,-0.6006,14640.008,-1.42,-23.34,-32.34,167.03,-11.87,4.8,5,996.57,41.645,46.163666,15.869876,709.52,NaN,,5.47,12.226105,174.1,15 / 21,827004,2022-07-15 14:15:46:071
-0.2004,2.2152,7.9053,-1.4939,1.6694,9.5473,-1.9733,-1.1619,2.4375,-0.0928,0.1243,0.7294,13984.989,2.72,-22.82,-32.87,174.11,-11.44,8.05,5,996.57,42.187,46.163666,15.869876,709.52,NaN,,5.47,12.226105,174.1,15 / 21,827506,2022-07-15 14:15:46:573
-1.0307,1.3825,9.7908,-0.6303,1.4926,9.6719,0.5241,0.2896,1.122,-0.3621,0.9219,-0.3812,12762.968,-1.29,-22.46,-33.45,169.36,-8.75,3.73,5,996.6,51.529,46.163647,15.869878,708.66,NaN,,5.47,12.226105,173.3,16 / 21,828005,2022-07-15 14:15:47:072
-2.275,0.9697,12.0963,-1.249,1.7232,9.5729,-0.9494,0.3748,1.656,0.2138,0.1713,0.5844,12569.985,0.99,-21.51,-34.41,170.99,-9.41,6.01,5,996.57,42.498,46.163647,15.869878,708.66,NaN,,5.47,12.226105,173.3,16 / 21,828506,2022-07-15 14:15:47:573
0.3494,1.7856,10.9412,-0.7238,1.8798,9.5975,1.0845,-0.1879,1.9144,0.1119,-0.098,-0.5363,11898.023,-1.57,-23.57,-33.37,164,-12.51,4.68,5,996.55,41.295,46.163635,15.869883,707,NaN,,5.58,12.226105,169.8,16 / 21,829005,2022-07-15 14:15:48:072
-3.3637,0.4068,12.4487,-1.287,1.9988,9.5141,-1.2632,0.6406,1.4018,-0.1134,0.189,0.4809,11309.018,1.09,-24.04,-33.51,171.76,-11.84,5.72,5,996.58,46.08,46.163635,15.869883,707,NaN,,5.58,12.226105,169.8,16 / 21,829505,2022-07-15 14:15:48:572
0.1071,1.5111,12.0628,-0.914,2.2002,9.5128,0.8842,-0.1735,-0.3479,-0.3445,-0.1416,-0.8417,10889.033,-1.89,-24.06,-33.19,162.23,-12.97,5.49,5,996.54,44.611,46.16362,15.869889,708.01,NaN,,5.51,12.226105,169.1,16 / 21,830005,2022-07-15 14:15:49:072
-4.0845,2.8002,12.7424,-1.1751,2.1359,9.4988,-0.7692,0.3963,1.0938,0.1326,-9.00E-04,-0.094,10478.025,-0.88,-23.96,-33.56,166.13,-10.66,5.55,5,996.54,44.528,46.16362,15.869889,708.01,NaN,,5.51,12.226105,169.1,16 / 21,830506,2022-07-15 14:15:49:573
0.0473,1.8173,11.5765,-0.9976,2.3529,9.4678,0.8061,-0.5102,0.5815,0.193,-0.1249,-0.1611,10080.99,-1.09,-23.7,-33.96,161.57,-12.37,7.47,5,996.51,47.212,46.16361,15.869895,707.83,NaN,,5.4,12.226105,165.5,17 / 22,831004,2022-07-15 14:15:50:071
-2.717,2.9671,12.0203,-1.2647,2.2797,9.4538,-1.3242,-0.3224,0.8169,0.3042,0.4271,0.1715,10153.013,0.11,-23.64,-33.41,171.39,-11.02,4.55,5,996.52,45.057,46.16361,15.869895,707.83,NaN,,5.4,12.226105,165.5,17 / 22,831505,2022-07-15 14:15:50:572
-0.3535,1.4997,11.9851,-0.9237,1.7251,9.6094,1.0802,0.0084,-1.7469,0.1072,-0.4355,-0.4213,9641.025,-1.2,-24.04,-33.62,166.49,-10.13,5.49,5,996.53,45.733,46.163593,15.8699,706.94,NaN,,5.4,12.226105,163.3,17 / 22,832006,2022-07-15 14:15:51:073
-1.2066,2.6136,9.8764,-0.1263,1.7257,9.6528,-0.109,0.3189,-1.6905,0.3717,-0.1738,0.0709,9759.016,-3.64,-22.87,-34.31,164.39,-8.58,1.59,5,996.51,46.681,46.163593,15.8699,706.94,NaN,,5.4,12.226105,163.3,17 / 22,832506,2022-07-15 14:15:51:573
-0.5671,1.4213,9.1914,-0.4174,1.3653,9.7022,0.277,0.0283,-2.0231,0.178,-0.1387,0.2759,9653.985,-3.45,-22.16,-35.12,164.88,-6.47,3.03,5,996.55,51.792,46.16358,15.869907,706.83,NaN,,5.47,12.226105,166,15 / 21,833005,2022-07-15 14:15:52:072
-0.2453,1.9687,7.3531,-0.3142,1.1083,9.7388,0.3042,-0.1845,-0.0567,0.1868,-0.0013,0.045,9591.008,-4.11,-21.79,-35.93,163.84,-6.49,1.85,5,996.52,46.088,46.16358,15.869907,706.83,NaN,,5.47,12.226105,166,15 / 21,833504,2022-07-15 14:15:52:571
-0.868,1.6857,7.8844,-0.7357,1.334,9.6876,0.1337,-0.2905,-1.5703,0.0633,-0.1373,0.1827,9294.008,-3.75,-22.24,-35.08,158.77,-7.82,4.34,5,996.53,54.062,46.163563,15.869913,706.86,NaN,,5.47,12.226105,167.9,15 / 20,834004,2022-07-15 14:15:53:071
0.4104,2.0836,7.462,-0.3535,0.9037,9.7585,0.6066,0.2035,-1.5609,-0.2244,0.1296,-0.1432,9484.0205,-4.24,-21.82,-34.48,163.8,-6.28,2.16,5,996.52,47.83,46.163563,15.869913,706.86,NaN,,5.47,12.226105,167.9,15 / 20,834505,2022-07-15 14:15:53:572
-0.5468,0.6945,8.732,-0.9205,1.4404,9.6565,0.6469,-0.5749,-1.1018,0.0646,-0.1597,0.4732,9339.03,-1.82,-21.26,-35.4,160.64,-7.98,5.95,5,996.55,48.933,46.16355,15.869919,706.41,NaN,,5.4,12.226105,166.9,16 / 21,835005,2022-07-15 14:15:54:072
-0.5366,1.5918,8.8205,-0.6684,1.4332,9.6783,1.6524,-0.191,1.5553,-0.3088,-0.066,-0.2323,26613.023,-3.88,-22.61,-33.64,160.45,-8.4,3.95,5,996.53,47.344,46.16355,15.869919,706.41,NaN,,5.4,12.226105,166.9,16 / 21,835504,2022-07-15 14:15:54:571
-1.34,0.2572,9.9697,-1.1195,1.3886,9.6431,-0.4202,-0.7368,2.9622,0.0353,-0.2191,0.3238,74430.97,-0.83,-21.19,-34.35,162.95,-8.14,6.62,5,996.57,47.739,46.16354,15.869926,706.23,NaN,,5.47,12.226105,164.7,16 / 21,836005,2022-07-15 14:15:55:072
-0.2052,1.4548,9.192,-0.7859,1.254,9.6943,1.5569,-0.3969,2.7203,-0.3919,0.0573,-0.9234,75360.984,-3,-21.32,-34.61,158.36,-9.47,4.87,5,996.56,48.537,46.16354,15.869926,706.23,NaN,,5.47,12.226105,164.7,16 / 21,836505,2022-07-15 14:15:55:572
-3.8518,-0.5683,13.8814,-1.3514,1.3878,9.6134,-0.5296,-0.449,2.2361,-0.4079,0.1536,0.148,74365.02,-1.95,-22.14,-35.1,160.92,-9.32,5.87,5,996.57,48.97,46.16353,15.869932,707.51,NaN,,5.33,12.226105,163.1,16 / 21,837004,2022-07-15 14:15:56:071
0.5713,1.2688,11.9324,-0.7158,1.617,9.6459,0.2435,0.0883,1.3394,-0.3709,-0.0161,-0.6849,75551,-2.76,-21.75,-35.03,160.75,-9.49,4.24,5,996.57,49.206,46.16353,15.869932,707.51,NaN,,5.33,12.226105,163.1,16 / 21,837504,2022-07-15 14:15:56:571
-1.9932,0.4259,12.8465,-0.9299,1.3428,9.6697,-0.868,0.8634,-0.1422,-0.2046,-0.0138,0.3602,74116.016,-2.14,-21.19,-35.66,161.15,-7.87,5.49,5,996.53,50.619,46.163513,15.86994,707.36,NaN,,5.29,12.226105,161.6,19 / 21,838004,2022-07-15 14:15:57:071
2.3791,2.1805,10.5601,-0.7014,1.5208,9.6626,0.7298,-0.1474,0.5887,0.0363,-0.1845,-0.1339,73824.01,-2.48,-20.51,-36.24,160.51,-7.83,5.83,5,996.57,49.631,46.163513,15.86994,707.36,NaN,,5.29,12.226105,161.6,19 / 21,838504,2022-07-15 14:15:57:571
-1.5775,2.1763,10.8766,-0.9742,1.5,9.6422,-0.5999,0.6641,0.3387,0.1648,0.0896,-0.2908,73538.016,-3.45,-22.16,-35.66,163.87,-7.11,3.24,5,996.54,48.327,46.1635,15.869948,708.31,NaN,,5.36,12.226105,158.9,19 / 21,839004,2022-07-15 14:15:58:071
-0.3763,2.0112,8.7996,-1.1647,1.5243,9.6172,0.7994,0.2145,-3.5906,0.0826,-0.3003,-0.2332,74108.99,0.08,-22.2,-34.74,165.55,-8.94,6.9,5,996.56,44.565,46.1635,15.869948,708.31,NaN,,5.36,12.226105,158.9,19 / 21,839505,2022-07-15 14:15:58:572
-1.8514,1.6851,11.519,-0.7702,1.2008,9.7023,0.2856,1.0213,-2.8393,0.0945,-0.0293,-0.3569,73069.02,3.08,-22.18,-34.93,180.72,-7.03,4.54,5,996.54,47.658,46.163486,15.869955,707.38,NaN,,5.22,12.226105,161.9,19 / 21,840005,2022-07-15 14:15:59:072
-0.5318,1.9866,8.0548,-1.2026,1.5424,9.6096,0.8139,0.3035,-4.1741,-0.0649,-0.0281,0.2688,73896.98,6.68,-21.53,-34.89,186.27,-7.97,8.34,5,996.55,45.512,46.163486,15.869955,707.38,NaN,,5.22,12.226105,161.9,19 / 21,840505,2022-07-15 14:15:59:572
-1.0325,2.5406,7.718,-0.7365,1.403,9.6778,0.0956,1.0828,-3.4473,-0.1108,0.0283,-0.2908,76423.03,4.41,-24.49,-34.78,184.4,-7.52,4.12,5,996.55,47.134,46.163475,15.869959,708.25,NaN,,5.18,12.226105,167.8,19 / 21,841004,2022-07-15 14:16:00:071
-0.8435,1.3866,5.3169,-1.2176,1.6496,9.5899,0.0326,-0.7057,-0.9035,0.0554,-0.0177,0.3425,75755.99,6.75,-24.62,-34.61,187.74,-9.68,7.24,5,996.55,42.755,46.163475,15.869959,708.25,NaN,,5.18,12.226105,167.8,19 / 21,841505,2022-07-15 14:16:00:572
-0.8333,0.9374,9.3625,-0.9038,1.2886,9.6795,0.4999,0.1818,-1.1082,-0.1504,0.0392,-0.4013,77945.02,4.26,-25.78,-34.65,181.97,-7.55,5.33,5,996.56,39.353,46.163464,15.86996,708.82,NaN,,5.11,12.226105,176.2,18 / 20,842005,2022-07-15 14:16:01:072
-0.7424,0.8578,6.6999,-1.4125,1.58,9.5749,-0.076,-0.4679,-0.1257,-0.1817,-0.3344,0.601,76348.984,8.91,-24.34,-34.33,190.53,-10.34,9.57,5,996.58,40.347,46.163464,15.86996,708.82,NaN,,5.11,12.226105,176.2,18 / 20,842505,2022-07-15 14:16:01:572
-0.6814,0.1795,11.3743,-1.038,0.9398,9.7062,-0.0762,0.0569,-0.1979,-0.0906,-0.0531,-0.366,74928.984,3.53,-24.17,-35.01,182.12,-6.63,5.33,5,996.58,36.365,46.163452,15.869958,709.28,NaN,,5.15,12.226105,182.1,17 / 20,843005,2022-07-15 14:16:02:072
-2.7105,0.3045,11.3264,-1.6658,1.4208,9.5591,-1.3577,0.7879,1.4706,0.2022,-0.0991,0.884,76027.01,7.26,-23.59,-35.06,182.73,-8.33,9.89,5,996.58,38.099,46.163452,15.869958,709.28,NaN,,5.15,12.226105,182.1,17 / 20,843505,2022-07-15 14:16:02:572
-0.4576,0.7472,12.2501,-1.0563,1.3115,9.661,0.1557,0.3701,0.9608,-0.0192,-0.1301,-0.5765,76928,3.83,-24.62,-35.01,180.49,-7.69,6.24,5,996.58,37.437,46.16344,15.869957,710.47,NaN,,4.79,12.226105,181.3,17 / 21,844004,2022-07-15 14:16:03:071
-2.2582,2.3414,12.0957,-1.5531,1.4285,9.5769,-0.9356,1.2964,0.8767,-0.082,0.1436,-0.0183,75148.97,5.78,-23.53,-35.62,184.86,-7.58,6.93,5,996.57,36.935,46.16344,15.869957,710.47,NaN,,4.79,12.226105,181.3,17 / 21,844504,2022-07-15 14:16:03:571
-0.7741,1.462,11.074,-1.3695,1.9521,9.5123,0.517,-0.2916,-0.1831,-0.0296,-0.1604,-0.2014,78384.984,5.7,-24.69,-34.59,180.79,-12.17,9.35,5,996.57,35.986,46.16343,15.869958,711.43,NaN,,4.9,12.226105,176.7,17 / 20,845004,2022-07-15 14:16:04:071
-2.1601,2.3264,9.8788,-1.1208,1.2396,9.6632,0.1508,0.9424,-3.0873,0.0411,0.0913,-0.1761,75368.01,7.33,-24.21,-33.82,188.88,-7.26,6.62,5,996.57,39.883,46.16343,15.869958,711.43,NaN,,4.9,12.226105,176.7,17 / 20,845504,2022-07-15 14:16:04:571
-1.7396,1.3842,8.2499,-1.477,1.4087,9.5919,-0.1039,-0.2364,-3.8961,0.1888,-0.2414,0.4863,75565.984,8.34,-23.17,-33.51,188.75,-8.26,8.75,5,996.56,35.962,46.163418,15.86996,712.32,NaN,,4.82,12.226105,179.9,17 / 20,846004,2022-07-15 14:16:05:071
-1.0397,2.4305,7.5978,-1.2292,1.3635,9.6333,1.2231,0.0685,-1.4474,0.1955,0.2383,0.0485,77279,5.23,-24.54,-32.76,182.06,-7.13,7.34,5,996.56,39.651,46.163418,15.86996,712.32,NaN,,4.82,12.226105,179.9,17 / 20,846505,2022-07-15 14:16:05:572
-1.413,1.0164,7.2036,-1.5642,1.3842,9.5816,-1.5506,-1.0991,2.82,0.2213,0.0137,0.4685,74424.016,6.15,-23.83,-33.28,181.82,-8.11,9.27,5,996.59,39.151,46.163406,15.869961,713.74,NaN,,4.9,12.226105,175.7,20 / 21,847005,2022-07-15 14:16:06:072
-0.2997,1.5517,9.1143,-1.1993,1.2619,9.6509,0.2157,-0.2142,2.0668,-0.3271,-0.0604,-0.047,75755.99,3.51,-24.07,-33.66,179.34,-7.39,7.08,5,996.58,35.92,46.163406,15.869961,713.74,NaN,,4.9,12.226105,175.7,20 / 21,847504,2022-07-15 14:16:06:571
-3.7484,-0.0526,13.6929,-1.162,2.0228,9.5251,0.1747,0.8318,0.2912,-0.3997,-0.1089,0.2007,77096.01,3.99,-23.29,-33.34,179.91,-11.9,6.96,5,996.59,37.224,46.16339,15.869963,714.8,NaN,,4.86,12.226105,174.3,20 / 21,848004,2022-07-15 14:16:07:071
-0.7244,0.8034,9.0688,-1.2065,1.1136,9.6682,1.6322,0.125,0.9554,-0.5754,0.2211,-1.0489,77945.02,-8.23,-26.57,-31.03,152.14,-10.75,5.73,5,996.59,38.217,46.16339,15.869963,714.8,NaN,,4.86,12.226105,174.3,20 / 21,848505,2022-07-15 14:16:07:572
-3.7376,0.2877,11.9097,-1.3319,1.7205,9.5622,-1.0789,0.3876,1.3781,-0.4749,0.1862,0.3165,74167.99,-7.37,-24.11,-29.87,149.21,-10.1,7.93,5,996.6,35.647,46.16338,15.869964,714.33,NaN,,5.22,12.226105,178.4,19 / 20,849004,2022-07-15 14:16:08:071
-0.1047,-0.2465,13.6367,-0.9426,1.4602,9.6514,1.2449,-0.137,1.1982,-0.2886,0.3435,-0.9531,73778.984,1.59,-20.74,-30.79,176.37,-8.56,5.58,5,996.6,35.201,46.16338,15.869964,714.33,NaN,,5.22,12.226105,178.4,19 / 20,849504,2022-07-15 14:16:08:571
-3.4014,1.2987,12.4164,-1.2497,1.3792,9.6284,-1.9863,-0.2186,3.0455,0.1784,-0.1294,0.0296,75002.02,13.59,-19.84,-31.35,213.02,-8.08,7.4,5,996.6,36.374,46.16337,15.869963,713.9,NaN,,5.18,12.226105,182.7,20 / 20,850005,2022-07-15 14:16:09:072
0.3799,-0.3147,12.7855,-0.9269,1.0156,9.7098,0.5795,-0.0664,1.6325,0.0869,-0.1304,-0.4976,73926,12.39,-21.24,-34.26,203.13,-5.73,7.56,5,996.6,34.334,46.16337,15.869963,713.9,NaN,,5.18,12.226105,182.7,20 / 20,850505,2022-07-15 14:16:09:572
-3.524,2.6375,11.7404,-1.0868,1.2952,9.6598,-0.4122,1.1202,-2.4507,0.2887,0.193,0.4264,74050,9.62,-21.07,-36.06,200.35,-7.59,6.42,5,996.58,36.789,46.163357,15.86996,712.74,NaN,,5.22,12.226105,189.3,19 / 21,851004,2022-07-15 14:16:10:071
-0.5049,0.3936,13.7025,-1.1943,1.4104,9.6309,0.7017,-0.0534,-1.5986,-0.0238,-0.1249,0.2466,75316.98,8.33,-22.46,-34.86,192.32,-8.27,7.07,5,996.62,42.158,46.163357,15.86996,712.74,NaN,,5.22,12.226105,189.3,19 / 21,851505,2022-07-15 14:16:10:572
-2.473,1.9825,11.1266,-1.0354,1.1286,9.6863,-0.5315,1.7055,-2.201,-0.1277,-0.2545,-0.0525,74328.98,7.35,-22.76,-35.27,189.8,-6.61,6.1,5,996.57,38.579,46.163345,15.869957,713.37,NaN,,5.36,12.226105,189.7,19 / 21,852004,2022-07-15 14:16:11:071
-0.542,2.147,6.862,-1.417,2.1771,9.4564,0.5365,-0.4311,-2.4261,0.3403,-0.0947,0.3863,79571.03,6.21,-23.14,-35.16,180.19,-11.52,9.65,5,996.59,34.959,46.163345,15.869957,713.37,NaN,,5.36,12.226105,189.7,19 / 21,852505,2022-07-15 14:16:11:572
-3.0538,1.9591,10.7593,-1.1598,0.8957,9.6965,0.309,0.1526,-0.0794,0.0783,-0.202,-0.1758,76473.99,2.29,-25.44,-34.95,174.29,-5.24,6.82,5,996.61,36.167,46.163326,15.869956,714.39,NaN,,5.22,12.226105,187,20 / 22,853004,2022-07-15 14:16:12:071
-1.4836,1.4219,7.6995,-1.7238,1.6254,9.5161,-0.0513,-1.0766,-2.4212,0.0942,0.182,0.3952,74210.984,2.01,-23.96,-36.45,165.92,-9.54,10.27,5,996.6,36.637,46.163326,15.869956,714.39,NaN,,5.22,12.226105,187,20 / 22,853506,2022-07-15 14:16:12:573
-0.9476,2.7105,5.9085,-1.2885,1.2064,9.6465,-0.5973,-0.2859,-1.445,0.3262,0.0838,-0.038,76261.98,0.81,-23.76,-35.66,168.99,-7.07,7.61,5,996.6,35.142,46.16331,15.869955,714.05,NaN,,5.4,12.226105,176.8,20 / 22,854005,2022-07-15 14:16:13:072
-0.9452,0.7107,7.1103,-1.3367,1.8498,9.5374,-0.2474,-1.6525,-1.3531,0.097,0.7,0.6186,77880.016,2.59,-24.13,-35.29,176.26,-11.51,6.66,5,996.56,48.63,46.16331,15.869955,714.05,NaN,,5.4,12.226105,176.8,20 / 22,854504,2022-07-15 14:16:13:571
0.2758,2.4233,6.8734,-0.7454,0.9896,9.7281,0.6971,1.0442,-0.4996,0.3437,-0.1017,0.211,74709,1.14,-24.62,-34.74,175.51,-5.79,4.38,5,996.58,37.214,46.1633,15.869958,714.79,NaN,,5.36,12.226105,174.1,20 / 22,855004,2022-07-15 14:16:14:071
-1.6211,0.1017,8.9719,-1.0576,1.0325,9.6946,-0.8319,-0.6218,0.8412,-0.7394,1.0025,0.6858,80288.016,0.99,-24.19,-34.84,172.1,-6.04,6.23,5,996.59,39.946,46.1633,15.869958,714.79,NaN,,5.36,12.226105,174.1,20 / 22,855504,2022-07-15 14:16:14:571
-0.3685,0.8853,8.9815,-0.1939,1.2547,9.7241,0.7443,0.2976,-0.8628,-0.1014,0.0774,-0.2113,77996.99,-2.46,-23.32,-34.99,171.63,-7.35,1.14,5,996.61,53.866,46.16329,15.869961,714.56,NaN,,5.33,12.226105,172.5,20 / 22,856004,2022-07-15 14:16:15:071
0.2046,1.7408,7.5793,-0.8393,1.2576,9.6894,0.0946,0.1396,-0.9211,-0.2188,0.0375,0.5137,28799.012,-2.36,-23.81,-34.87,165.1,-9.86,4.45,5,996.6,48.594,46.16329,15.869961,714.56,NaN,,5.33,12.226105,172.5,20 / 22,856504,2022-07-15 14:16:15:571
-0.6156,0.7035,9.3027,-0.7334,0.9438,9.7335,1.38,0.1306,1.617,-0.1056,0.0693,-0.2346,8529.976,-4.67,-22.89,-35.55,158.45,-5.52,4.31,5,996.63,45.174,46.163273,15.869965,714.52,NaN,,5.47,12.226105,168.2,20 / 22,857006,2022-07-15 14:16:16:073
0.1358,1.1844,8.3707,-1.3489,1.3617,9.6175,-1.2703,0.0977,1.5841,-0.2805,0.2511,0.3871,7814.0034,-1.03,-22.35,-34.89,161,-7.98,7.98,5,996.59,54.979,46.163273,15.869965,714.52,NaN,,5.47,12.226105,168.2,20 / 22,857505,2022-07-15 14:16:16:572
-1.5039,0.4199,10.2891,-0.9192,1.0635,9.7054,1.4054,-0.3937,1.7977,-0.1615,0.1109,-0.8133,19269.969,-0.84,-20.47,-33.99,165.57,-9.05,4.58,5,996.61,43.781,46.16326,15.869972,713.97,NaN,,5.26,12.226105,166.5,20 / 22,858004,2022-07-15 14:16:17:071
-1.7803,2.6363,9.1053,-1.0083,1.5638,9.6285,-1.2834,0.5714,1.2248,-0.1089,-0.0586,0.6623,6504.975,3.77,-20.12,-33.07,184.85,-6.14,4.52,5,996.56,56.404,46.16326,15.869972,713.97,NaN,,5.26,12.226105,166.5,20 / 22,858504,2022-07-15 14:16:17:571
-1.7127,0.2255,12.786,-0.9574,1.9556,9.5619,1.1081,-0.509,0.6682,-0.6256,-0.0296,-1.0195,5710.9727,-1.09,-22.2,-30.09,165.7,-11.5,5.72,5,996.57,53.354,46.163246,15.869978,713.74,NaN,,5.22,12.226105,167.2,19 / 21,859005,2022-07-15 14:16:18:072
-2.2983,2.2786,10.0068,-1.1115,1.5656,9.6168,-1.432,0.3306,1.4534,0.1455,-0.0402,-0.1862,9463.973,2.19,-20.49,-32.01,173.42,-9.19,6.59,5,996.61,58.053,46.163246,15.869978,713.74,NaN,,5.22,12.226105,167.2,19 / 21,859505,2022-07-15 14:16:18:572
-0.548,0.4481,12.3805,-0.735,1.3222,9.6893,0.5137,-0.4242,0.2805,0.0889,-0.2567,-0.2363,4350.983,0.68,-20.47,-34.29,171.42,-6.94,5.69,5,996.59,47.242,46.163235,15.869983,713.56,NaN,,5.18,12.226105,167.5,20 / 22,860004,2022-07-15 14:16:19:071
-2.2271,1.6971,12.3374,-0.6603,1.0455,9.7284,0.3078,1.1562,-3.1663,0.286,0.186,0.1366,4597.02,1.13,-21.77,-35.61,173.86,-4.46,4.87,5,996.58,41.918,46.163235,15.869983,713.56,NaN,,5.18,12.226105,167.5,20 / 22,860505,2022-07-15 14:16:19:572
-0.5001,1.0869,9.5234,-1.0801,1.4814,9.6338,0.7159,-0.4039,-2.5222,0.2557,-0.1579,-0.2424,72556.97,1.43,-22.39,-36.11,167.9,-7.87,7.36,5,996.58,41.575,46.16322,15.869988,714.22,NaN,,5.33,12.226105,169.1,20 / 22,861005,2022-07-15 14:16:20:072
-1.663,1.8401,11.6273,-0.7283,1.2632,9.6976,-0.4173,1.1764,-1.9016,0.2893,-0.456,-0.2166,70660.016,0.73,-22.67,-36.09,174.66,-7.4,4.3,5,996.57,48.98,46.16322,15.869988,714.22,NaN,,5.33,12.226105,169.1,20 / 22,861505,2022-07-15 14:16:20:572
-0.2381,1.2245,10.7192,-0.9679,1.2788,9.6746,0.9253,0.2381,-1.2506,0.0822,-0.1524,0.389,71437.01,-2.93,-21.97,-36.28,156.07,-6.54,7.9,5,996.57,40.426,46.163208,15.869993,714.19,NaN,,5.47,12.226105,169.9,20 / 22,862005,2022-07-15 14:16:21:072
-1.0343,2.7069,8.2295,-0.8459,0.98,9.7208,-0.3266,-0.5192,-0.7621,0.2149,-0.0644,-0.1385,73194.03,-5.12,-21.69,-36.53,156.71,-4.77,4.89,5,996.57,46.504,46.163208,15.869993,714.19,NaN,,5.47,12.226105,169.9,20 / 22,862504,2022-07-15 14:16:21:571
0.4504,2.5202,5.8792,-1.483,1.8839,9.509,0.2785,-1.0863,-1.0005,0.2497,-0.2605,0.1407,72967.03,-5.68,-22.99,-36.15,143.89,-10.19,9.85,5,996.56,35.551,46.163193,15.869999,713.77,NaN,,5.29,12.226105,164.8,19 / 22,863005,2022-07-15 14:16:22:072
-0.8512,2.7111,8.3599,-0.6372,1.2587,9.7046,0.9543,0.8735,-0.4504,-0.0374,-0.0461,-0.2799,72827.98,-8.21,-22.35,-35.34,148.25,-6.76,5.01,5,996.56,45.873,46.163193,15.869999,713.77,NaN,,5.29,12.226105,164.8,19 / 22,863505,2022-07-15 14:16:22:572
-0.5013,1.9825,6.8285,-1.1851,2.1418,9.4962,-0.308,-1.6674,-1.2006,0.5291,0.0422,0.8538,74826.99,-7.95,-22.74,-35.23,141.24,-10.86,8.49,5,996.58,60.77,46.16318,15.870007,714.64,NaN,,5.36,12.226105,159.7,18 / 21,864005,2022-07-15 14:16:23:072
-0.8399,1.8837,8.0369,-1.1085,1.2143,9.6678,-0.0358,0.4897,-0.339,-0.1808,0.0891,0.0402,72600.98,-10.31,-21.62,-34.84,138.28,-10.27,6.59,5,996.57,48.455,46.16318,15.870007,714.64,NaN,,5.36,12.226105,159.7,18 / 21,864505,2022-07-15 14:16:23:572
-1.5643,-0.0185,10.9866,-1.5914,1.3341,9.5843,0.6071,0.21,0.3953,-0.0063,0.0821,0.5999,72820.016,-9.92,-19.2,-37.01,129.41,-10.06,8.4,5,996.57,52.364,46.16317,15.870018,715.25,NaN,,5.47,12.226105,150.6,18 / 21,865004,2022-07-15 14:16:24:071
-0.2841,1.3406,8.5478,-0.8091,0.69,9.7488,0.1688,0.0517,0.4358,0.0689,0.0735,-0.3533,72153.99,-10.95,-17.51,-37.18,135.96,-5.81,4.37,5,996.57,36.144,46.16317,15.870018,715.25,NaN,,5.47,12.226105,150.6,18 / 21,865504,2022-07-15 14:16:24:571
-0.2686,0.1567,10.3801,-1.6003,1.2975,9.5878,0.0626,-0.2033,-0.959,-0.1214,0.2098,0.4933,71773.02,-8.59,-18.24,-37.41,130.69,-8.2,9.38,5,996.61,36.54,46.163155,15.87003,715.21,NaN,,5.54,12.226105,143.8,18 / 22,866004,2022-07-15 14:16:25:071
0.3458,1.4171,7.9801,-1.0098,0.8895,9.7139,1.2102,0.1827,2.4407,-0.1106,0.087,-0.2722,72096.01,-10.67,-17.53,-37.03,130.98,-8.35,5.54,5,996.58,36.106,46.163155,15.87003,715.21,NaN,,5.54,12.226105,143.8,18 / 22,866504,2022-07-15 14:16:25:571
-1.5817,1.718,7.8867,-1.4366,1.8183,9.5289,-1.308,0.7424,0.6886,-0.1797,-0.1014,0.3566,70564.98,-9.3,-17.74,-37.01,131.02,-9.7,7.09,5,996.61,35.193,46.163147,15.870043,715.09,NaN,,5.47,12.226105,140.5,18 / 21,867005,2022-07-15 14:16:26:072
-0.5767,0.923,9.8859,-0.8715,1.2278,9.6904,0.5553,-0.2222,1.8645,-0.0961,0.0616,-0.5652,71546.02,-12.66,-18.54,-35.7,129.52,-9.23,4.81,5,996.62,38.454,46.163147,15.870043,715.09,NaN,,5.47,12.226105,140.5,18 / 21,867505,2022-07-15 14:16:26:572
-1.2909,1.5446,9.6335,-1.4666,1.6046,9.5627,-0.8366,0.1824,3.0606,-1.0101,0.9709,0.4361,75427,-10.52,-19.44,-35.1,127.49,-14.25,3.3,5,996.6,44.867,46.163136,15.870056,714.87,NaN,,5.44,12.226105,141.6,18 / 21,868005,2022-07-15 14:16:27:072
-2.1535,-0.612,12.9015,-0.855,1.2853,9.6844,0.2392,-0.4894,1.2097,-0.6056,0.4893,-0.4201,73157.984,-12.34,-18,-34.26,128.26,-10.18,5.37,5,996.6,50.392,46.163136,15.870056,714.87,NaN,,5.44,12.226105,141.6,18 / 21,868505,2022-07-15 14:16:27:572
-1.8993,2.5256,10.4064,-1.404,1.6343,9.567,-1.5777,0.048,4.0433,0.2861,0.056,0.0925,70198.99,-10.8,-16.46,-36.53,127.13,-7.57,5.9,5,996.62,51.217,46.163128,15.870068,715.14,NaN,,5.44,12.226105,142,19 / 23,869006,2022-07-15 14:16:28:073
0.1184,1.3938,11.1135,-0.9039,1.3133,9.6762,0.2651,-0.6168,2.526,0.0535,0.0415,-0.2726,55818.996,-12.04,-17.23,-36.09,123.69,-9.94,6.9,5,996.65,54.253,46.163128,15.870068,715.14,NaN,,5.44,12.226105,142,19 / 23,869504,2022-07-15 14:16:28:571
-2.1278,2.7763,10.4524,-1.6033,1.8993,9.4864,-3.0563,-0.5866,3.1947,0.5359,0.507,0.8917,77439.984,-9.79,-16.54,-36.43,130.2,-9.26,5.16,5,996.62,60.304,46.163116,15.870082,715.85,NaN,,5.47,12.226105,135.4,19 / 23,870004,2022-07-15 14:16:29:071
-0.0132,1.7982,10.7641,-1.3749,2.1188,9.4758,1.4007,0.0313,-0.7239,0.0244,-0.2441,-0.7742,68377.03,-11.25,-17.78,-35.49,122.77,-11.98,9.89,5,996.6,48.76,46.163116,15.870082,715.85,NaN,,5.47,12.226105,135.4,19 / 23,870505,2022-07-15 14:16:29:572
-2.2481,1.937,13.1163,-0.8715,1.5651,9.6417,-0.866,1.1278,0.0746,-0.041,-0.1406,0.0215,13232.025,-10.71,-17.57,-35.36,134.25,-6.99,5.18,5,996.56,37.512,46.163105,15.870096,716.17,NaN,,5.44,12.226105,134.2,19 / 23,871005,2022-07-15 14:16:30:072
-0.5749,1.4524,10.6439,-0.9458,1.9122,9.5718,0.556,0.1732,-0.2474,0.0506,-0.1766,-0.2198,12087.023,-11.83,-16.84,-34.44,123.89,-10.44,7.25,5,996.57,38.95,46.163105,15.870096,716.17,NaN,,5.44,12.226105,134.2,19 / 23,871506,2022-07-15 14:16:30:573
-3.1388,2.3276,11.9569,-1.0789,1.1977,9.6733,0.584,0.2787,-2.5297,0.3067,0.2569,-0.2036,17116.988,-10.84,-16.07,-34.5,128.99,-7.02,6.36,5,996.56,51.168,46.163097,15.870113,714.55,NaN,,5.33,12.226105,135.9,19 / 23,872004,2022-07-15 14:16:31:071
-0.4798,1.0953,11.9533,-1.5002,1.78,9.5264,0.9877,-0.0866,-3.2921,0.0409,-0.1326,-0.3522,43972,-10.03,-16.67,-34.09,125.01,-10.41,9.86,5,996.58,48.879,46.163097,15.870113,714.55,NaN,,5.33,12.226105,135.9,19 / 23,872504,2022-07-15 14:16:31:571
-1.986,3.0395,8.9103,-1.1381,1.1854,9.668,0.4945,0.8426,-2.4928,0.0251,0.0098,-0.0277,19663.021,-12.17,-15.26,-34.39,126.03,-6.38,6.06,5,996.54,41.049,46.16309,15.870128,715.2,NaN,,4.07,12.226105,128.9,20 / 23,873005,2022-07-15 14:16:32:072
-0.8518,1.1264,8.2301,-1.0916,1.4869,9.6316,0.8975,0.1961,-3.607,-0.0722,-0.2884,0.0147,70791.03,-11.25,-15.04,-35.1,122.43,-8.15,8.42,5,996.57,42.68,46.16309,15.870128,715.2,NaN,,4.07,12.226105,128.9,20 / 23,873505,2022-07-15 14:16:32:572
-0.8853,2.3683,9.7627,-0.9274,0.6331,9.7422,0.5025,0.3167,-1.2705,0.2217,-0.134,-0.3289,14283.002,-12.96,-15.34,-35.74,127.91,-3.7,5.44,5,996.57,38.379,46.16308,15.870143,716.34,NaN,,4.97,12.226105,132.1,20 / 23,874005,2022-07-15 14:16:33:072
-0.856,0.8046,8.2899,-1.1392,1.171,9.6696,0.9198,-0.6581,-0.1608,0.2405,0.0285,0.1019,69768,-10.22,-16.22,-36.3,126.38,-8.11,8.05,5,996.57,41.02,46.16308,15.870143,716.34,NaN,,4.97,12.226105,132.1,20 / 23,874504,2022-07-15 14:16:33:571
-0.1274,1.8586,7.3543,-1.0651,0.3967,9.7406,0.3931,0.3823,-1.0605,-0.2281,0.0743,-0.0018,69268.98,-12.06,-16.14,-36.94,131.15,-3.03,6.55,5,996.58,36.592,46.16307,15.870158,718.09,NaN,,5.83,12.226105,134.1,21 / 23,875005,2022-07-15 14:16:34:072
-1.1091,0.3745,7.1109,-1.4412,1.8836,9.5155,0.8204,-1.468,-1.2718,0.3119,-0.125,0.5117,81056.98,-9.84,-16.5,-37.54,120.49,-9.46,10.73,5,996.58,47.124,46.16307,15.870158,718.09,NaN,,5.83,12.226105,134.1,21 / 23,875504,2022-07-15 14:16:34:571
-0.7525,2.6273,7.3681,-1.3515,0.739,9.6849,-0.2398,0.2397,1.0038,0.0922,-0.2237,-0.274,38741.02,-10.67,-17.94,-36.02,134.1,-4.32,7.94,5,996.59,38.848,46.16306,15.870172,719.24,NaN,,5.65,12.226105,133.5,21 / 23,876004,2022-07-15 14:16:35:071
1.2951,1.672,7.0606,-1.4659,1.6988,9.5465,-0.7135,-0.2192,-0.3416,0.1526,0.2192,0.5013,79007,-9.32,-17.66,-36.96,128.53,-10.11,8.7,5,996.59,38.171,46.16306,15.870172,719.24,NaN,,5.65,12.226105,133.5,21 / 23,876504,2022-07-15 14:16:35:571
-1.1109,0.9966,9.1041,-0.8516,0.8933,9.7287,0.3739,0.7389,-0.0818,-0.5776,0.0938,-0.2805,76993,-13.2,-18.49,-36.02,128.94,-8.35,4.48,5,996.59,37.685,46.16305,15.870185,718.85,NaN,,5.58,12.226105,134.1,22 / 23,877005,2022-07-15 14:16:36:072
-0.5498,1.547,7.6331,-1.2412,1.5874,9.5974,-0.7023,-0.5953,-0.4985,0.0801,0.0415,0.7391,70250.02,-10.89,-18.39,-36.9,126.09,-10.39,7.2,5,996.59,39.407,46.16305,15.870185,718.85,NaN,,5.58,12.226105,134.1,22 / 23,877505,2022-07-15 14:16:36:572
-1.0265,1.3669,8.3228,-0.5818,1.753,9.6312,0.9964,-0.069,1.6143,-0.1045,-0.2339,-0.422,70030.984,-13.65,-18.39,-36.3,125.31,-10.3,3.46,5,996.61,37.461,46.163044,15.870199,717.33,NaN,,5.47,12.226105,134.3,22 / 23,878004,2022-07-15 14:16:37:071
-0.4313,1.2891,8.3539,-0.4261,2.0152,9.5879,-0.9809,0.4366,1.4709,-0.2675,-0.2242,0.1142,75309.01,-12.24,-20.1,-35.61,131.11,-12.74,2.22,5,996.57,38.253,46.163044,15.870199,717.33,NaN,,5.47,12.226105,134.3,22 / 23,878504,2022-07-15 14:16:37:571
0.0443,1.3101,9.3177,-0.3109,1.8076,9.6336,1.8106,-0.3085,1.8977,-0.273,-0.305,-0.8566,75360.984,-15.84,-19.58,-34.61,125.04,-12.16,2.64,5,996.6,39.749,46.163033,15.870213,717.64,NaN,,5.58,12.226105,139.2,20 / 22,879004,2022-07-15 14:16:38:071
-0.7986,1.4536,13.1563,-0.4914,1.951,9.598,-0.4286,-0.3725,1.8657,-0.2153,0.0273,0.3296,75515.02,-14.66,-20.68,-34.28,128.37,-13.39,1.69,5,996.6,36.486,46.163033,15.870213,717.64,NaN,,5.58,12.226105,139.2,20 / 22,879504,2022-07-15 14:16:38:571
1.7683,1.651,11.9767,-0.0721,1.9314,9.6143,0.6294,-0.5541,2.1031,-0.6676,0.2343,-0.6779,73706.02,-14.79,-19.82,-34.89,129.85,-11.36,0.43,5,996.59,38.788,46.163025,15.870226,717.51,NaN,,5.51,12.226105,139.8,21 / 22,880006,2022-07-15 14:16:39:073
-2.4939,0.2171,11.6513,-0.4004,1.6242,9.6629,-0.7574,0.028,2.9546,0.5315,0.0766,0.0361,72608,-13.58,-18.56,-36.07,134.25,-7.23,1.18,5,996.62,42.403,46.163025,15.870226,717.51,NaN,,5.51,12.226105,139.8,21 / 22,880506,2022-07-15 14:16:39:573
0.545,0.451,11.7643,0.009,1.5779,9.6789,1.1037,-0.3233,2.0995,0.3188,0.0171,-0.5719,71627.02,-16.03,-19.07,-36.04,128.29,-9.07,1.02,5,996.58,45.199,46.163013,15.870242,714.8,NaN,,5.58,12.226105,139.1,21 / 23,881005,2022-07-15 14:16:40:072
-2.8708,2.4724,10.5027,-1.2421,1.6345,9.5894,-1.124,0.7921,1.4753,0.2661,0.5812,0.3193,71516.99,-10.82,-20.4,-36.26,137.61,-8.74,3.46,5,996.61,46.526,46.163013,15.870242,714.8,NaN,,5.58,12.226105,139.1,21 / 23,881505,2022-07-15 14:16:40:572
-1.212,0.2028,13.3047,-0.9323,1.4894,9.6479,0.1068,-0.4558,-0.0439,0.2963,0.0862,-0.2393,69107.984,-11.02,-18.99,-37.16,132.61,-8.74,5.52,5,996.59,50.091,46.163,15.870257,713.94,NaN,,5.72,12.226105,145.9,21 / 24,882006,2022-07-15 14:16:41:073
-2.9617,1.5846,11.2834,-0.9074,1.4527,9.6559,-0.9927,0.7763,-0.8066,-0.1646,-0.2479,0.0667,68814.97,-14.16,-20.87,-37.44,134.18,-6.32,5.46,5,996.58,55.485,46.163,15.870257,713.94,NaN,,5.72,12.226105,145.9,21 / 24,882504,2022-07-15 14:16:41:571
-1.0241,1.005,12.728,-0.6198,1.6593,9.6454,0.0037,-0.3823,0.2041,0.5137,-0.23,-0.0702,51016.973,-18.06,-21.15,-37.82,126.99,-7.56,5.1,5,996.57,62.055,46.162987,15.870273,715.19,NaN,,5.69,12.226105,145.7,21 / 24,883005,2022-07-15 14:16:42:072
-1.4973,1.6229,11.7236,-1.0512,1.5468,9.6267,-1.0003,0.5161,1.2379,0.2961,-0.1148,0.0172,8716.005,-24.92,-24.22,-36.69,125.76,-5.8,5.31,5,996.61,61.16,46.162987,15.870273,715.19,NaN,,5.69,12.226105,145.7,21 / 24,883504,2022-07-15 14:16:42:571
-0.7202,1.3573,9.9721,-1.1829,1.3022,9.6476,0.6402,0.4218,-3.6548,0.002,-0.3771,-0.2109,6060.015,-20.14,-21.56,-36.53,125.31,-7.63,6.99,5,996.57,47.636,46.162975,15.870288,715.62,NaN,,5.69,12.226105,143.5,21 / 24,884005,2022-07-15 14:16:43:072
-1.8622,1.2963,12.4762,-0.9024,1,9.7137,0.105,0.8649,-2.4772,0.141,-0.0123,-0.198,5613.0303,-15.81,-19.87,-37.14,132.01,-4.37,4.96,5,996.58,47.705,46.162975,15.870288,715.62,NaN,,5.69,12.226105,143.5,21 / 24,884506,2022-07-15 14:16:43:573
-0.9918,1.066,9.7268,-0.8305,1.1777,9.7002,0.8669,0.4049,-2.7185,-0.0338,-0.2527,0.0237,4160.97,-10.03,-19.03,-37.8,136.55,-6.63,5.91,5,996.58,43.364,46.162968,15.870301,714.69,NaN,,5.65,12.226105,143.4,21 / 24,885004,2022-07-15 14:16:44:071
-0.8453,2.3958,7.7611,-0.8014,0.8683,9.7352,0.633,-0.0457,-0.831,0.0254,-0.0336,-0.3719,26520.008,-10.5,-18.79,-36.51,140.43,-5.08,4.71,5,996.57,43.512,46.162968,15.870301,714.69,NaN,,5.65,12.226105,143.4,21 / 24,885506,2022-07-15 14:16:44:573
-0.1184,1.8048,6.9021,-1.2337,1.2798,9.6442,-0.6752,-1.1141,-1.0535,0.0675,-0.164,0.0471,4232.9927,-8.55,-20.04,-36.54,138.11,-7.5,7.29,5,996.57,44.152,46.162956,15.870312,715.16,NaN,,5.36,12.226105,145.9,20 / 25,886004,2022-07-15 14:16:45:071
-0.4756,2.9318,6.9811,-0.9072,0.9054,9.7225,0.6215,0.0309,-1.1423,-0.397,-0.0495,-0.221,34439.99,-9.66,-20.89,-35.87,141.37,-6.38,5.81,5,996.56,44.365,46.162956,15.870312,715.16,NaN,,5.36,12.226105,145.9,20 / 25,886504,2022-07-15 14:16:45:571
-0.4522,1.5535,6.1986,-1.4082,1.6809,9.5583,0.8225,-0.6226,-1.1877,-0.1176,-0.0314,0.4546,11117.993,-5.79,-21.3,-35.29,142.18,-10.01,9.2,5,996.59,45.227,46.162945,15.870322,714.5,NaN,,5.51,12.226105,148.4,19 / 25,887004,2022-07-15 14:16:46:071
-0.4032,0.7208,9.5725,-0.9435,1.2068,9.6863,-0.1001,-1.1374,2.3492,-0.4238,-0.227,-0.2319,2863.0127,-8.19,-20.03,-34.48,144.49,-7.07,5.56,5,996.58,42.915,46.162945,15.870322,714.5,NaN,,5.51,12.226105,148.4,19 / 25,887505,2022-07-15 14:16:46:572
0.0233,1.2939,8.3725,-1.5251,1.404,9.585,-0.6971,-0.629,1.9999,-0.2424,-0.0947,0.4145,2659.0276,-7.29,-19.44,-35.64,137.82,-8.23,9.04,5,996.59,39.445,46.162937,15.870331,713.29,NaN,,4.54,12.226105,150,19 / 25,888005,2022-07-15 14:16:47:072
-0.2752,0.6724,10.2126,-1.119,0.9438,9.6968,-0.2907,-1.6745,3.2941,-0.2358,0.5127,-0.5423,2227.9727,-9.15,-18.83,-35.98,138.49,-8.59,4.8,5,996.57,54.414,46.162937,15.870331,713.29,NaN,,4.54,12.226105,150,19 / 25,888506,2022-07-15 14:16:47:573
-0.5503,1.992,8.0136,-1.2614,1.7409,9.5681,-1.404,-0.7888,1.4901,-0.1877,0.0865,0.49,2162.0251,-7.56,-19.01,-36.34,134.39,-11.36,6.49,5,996.6,40.685,46.162926,15.870343,714.06,NaN,,5.26,12.226105,147.9,20 / 25,889005,2022-07-15 14:16:48:072
-1.6588,0.3799,11.9001,-0.8032,1.7939,9.6077,0.0642,-0.416,2.8852,-0.2844,0.3803,-0.5957,2200.9727,-10.61,-18.92,-36.51,130.75,-10.54,4.78,5,996.58,40.933,46.162926,15.870343,714.06,NaN,,5.26,12.226105,147.9,20 / 25,889504,2022-07-15 14:16:48:571
-1.276,2.6201,9.3619,-1.2879,1.7394,9.5648,-0.1697,0.2092,2.2096,-0.3768,0.0571,0.075,2285.01,-8.64,-19.5,-37.2,131.84,-10.22,7.67,5,996.6,39.43,46.16291,15.870357,714.5,NaN,,5.26,12.226105,147.4,20 / 25,890004,2022-07-15 14:16:49:071
0.2638,1.6373,10.5212,-1.0949,1.6545,9.6039,0.5065,-0.6813,2.8309,0.277,-0.0841,-0.3302,4225.9727,-8.33,-19.41,-37.29,133.01,-10.28,8.3,5,996.6,36.835,46.16291,15.870357,714.5,NaN,,5.26,12.226105,147.4,20 / 25,890504,2022-07-15 14:16:49:571
-1.8042,1.7647,10.9849,-1.7551,1.672,9.5023,-1.758,-0.0248,2.6958,0.2492,0.5011,0.3695,13482.99,-7.99,-20.25,-37.46,138.48,-9.15,6.99,5,996.57,36.443,46.1629,15.870368,713.38,NaN,,5.22,12.226105,145.6,20 / 24,891005,2022-07-15 14:16:50:072
1.005,2.4712,9.935,-1.1087,2.1688,9.4993,0.5829,-0.1352,-1.209,0.1554,-0.1357,-0.3987,16175.025,-9.06,-20.94,-36.82,133.57,-12.78,6.66,5,996.58,33.466,46.1629,15.870368,713.38,NaN,,5.22,12.226105,145.6,20 / 24,891504,2022-07-15 14:16:50:571
-2.3976,2.1021,12.7029,-1.0988,1.4434,9.6374,-0.5527,1.0577,0.177,0.0141,-0.0627,-0.0572,69855.01,-8.19,-20.18,-36.75,140.07,-8.46,6.5,5,996.57,36.778,46.162888,15.870382,714.47,NaN,,5.36,12.226105,143.7,20 / 24,892004,2022-07-15 14:16:51:071
0.0634,1.5948,10.6152,-1.2593,1.7336,9.5697,0.2091,0.0445,-0.7399,0.1571,-0.1171,0.0489,73933.97,-8.1,-19.16,-37.33,135.08,-8.88,8.31,5,996.57,37.365,46.162888,15.870382,714.47,NaN,,5.36,12.226105,143.7,20 / 24,892504,2022-07-15 14:16:51:571
-1.4291,2.3671,11.0913,-0.9523,1.52,9.6412,-0.9496,0.8516,0.2447,0.113,-0.0636,-0.1536,48683.973,-8.23,-20.06,-37.59,144.72,-6.1,5,5,996.55,36.453,46.162876,15.870394,714.57,NaN,,5.29,12.226105,146,20 / 24,893005,2022-07-15 14:16:52:072
-0.2764,1.6672,9.2094,-0.8414,1.6493,9.6303,0.1478,-0.5754,-1.9263,0.5202,-0.361,0.0612,70844.02,-8.51,-20.46,-36.99,138.24,-9.68,4.99,5,996.58,37.569,46.162876,15.870394,714.57,NaN,,5.29,12.226105,146,20 / 24,893504,2022-07-15 14:16:52:571
0.1101,3.3679,7.9196,0.4471,1.6004,9.6648,-0.6064,0.4858,-2.2899,-0.1595,-0.3028,-0.0081,76291,-12.43,-22.5,-35.06,146.9,-9.39,-2.65,5,996.57,34.899,46.162865,15.870407,717.68,NaN,,5.33,12.226105,149.9,21 / 24,894004,2022-07-15 14:16:53:071
0.1819,1.4076,8.3432,0.1018,1.8907,9.6221,0.5439,-0.403,-1.9124,0.1402,-0.229,0.088,25662.016,-13.41,-21.67,-35.81,138.9,-10.17,0.58,5,996.56,36.105,46.162865,15.870407,717.68,NaN,,5.33,12.226105,149.9,21 / 24,894505,2022-07-15 14:16:53:572
-0.9918,2.5621,10.0475,0.1497,2.0189,9.5954,0.2218,1.2315,-2.7227,0.0865,0.0159,-0.0731,11598.998,-14.61,-22.78,-34.33,138.99,-9.93,-0.71,5,996.58,33.506,46.16285,15.870418,716.67,NaN,,5.33,12.226105,151.3,21 / 24,895005,2022-07-15 14:16:54:072
-0.6042,1.6092,8.5448,-0.3095,1.7044,9.6524,-0.4638,-0.8448,-1.2167,0.1686,0.044,0.215,46010.973,-13.07,-22.03,-34.95,137.97,-10.01,1.84,5,996.56,36.181,46.16285,15.870418,716.67,NaN,,5.33,12.226105,151.3,21 / 24,895504,2022-07-15 14:16:54:571
0.4983,2.9414,7.2245,-0.028,1.251,9.7265,-0.2478,-0.4831,-0.9392,-0.3241,0.0262,0.0535,3253.9727,-13.67,-20.47,-35.74,137.24,-7.33,0.16,5,996.58,34.279,46.162834,15.870428,716.8,NaN,,5.26,12.226105,152.3,21 / 24,896004,2022-07-15 14:16:55:071
0.0574,1.4812,7.014,-0.2357,1.7702,9.6427,-0.3969,-1.1268,-1.9221,0.1115,0.3048,0.432,15339.984,-13.35,-20.98,-35.83,137.06,-10.07,0.64,5,996.57,33.542,46.162834,15.870428,716.8,NaN,,5.26,12.226105,152.3,21 / 24,896505,2022-07-15 14:16:55:572
-0.076,2.595,6.5384,-0.0799,1.4738,9.6949,0.7746,-0.0464,-0.2297,0.1511,0.005,0.0083,2914.9875,-14.16,-20.96,-35.53,138.56,-6.81,1.07,5,996.57,45.328,46.162823,15.870439,717.27,NaN,,5.44,12.226105,147.7,21 / 24,897006,2022-07-15 14:16:56:073
-0.5761,1.1384,7.7737,-0.4009,1.5264,9.6788,-1.0932,-1.0293,2.6319,-0.0922,0.1445,0.3315,2843.9775,-13.82,-21,-35.87,134.55,-8.95,2.37,5,996.58,32.266,46.162823,15.870439,717.27,NaN,,5.44,12.226105,147.7,21 / 24,897504,2022-07-15 14:16:56:571
0.5539,1.3053,9.7149,-0.2854,1.1256,9.7377,-0.1272,-0.0081,-0.7993,0.1011,0.1664,-0.0702,47230.97,-14.87,-19.22,-36.37,132.67,-6.59,1.68,5,996.6,35.819,46.16281,15.870451,719.07,NaN,,5.08,12.226105,143.2,21 / 24,898005,2022-07-15 14:16:57:072
0.1131,2.0572,7.4871,-0.6545,1.6747,9.6404,-0.6066,0.1942,-0.4356,0.0163,-0.0327,0.6598,14119.989,-11.94,-20.23,-36.19,131.62,-11.17,3.93,5,996.57,34.032,46.16281,15.870451,719.07,NaN,,5.08,12.226105,143.2,21 / 24,898504,2022-07-15 14:16:57:571
-0.1268,0.7663,9.8423,-0.3499,1.588,9.6709,0.7515,0.7164,0.7623,-0.25,-0.0107,-0.4288,4491.99,-15.24,-19.95,-36.06,129.79,-10.59,1.17,5,996.59,39.772,46.1628,15.870464,718.81,NaN,,5.44,12.226105,141.7,21 / 24,899004,2022-07-15 14:16:58:071
-0.3643,2.0662,7.2317,-0.862,1.7094,9.618,-1.4418,0.3144,1.6438,-0.1877,-0.1998,0.5504,59397.977,-14.72,-21.06,-36.53,128.16,-11.08,3.84,5,996.58,34.42,46.1628,15.870464,718.81,NaN,,5.44,12.226105,141.7,21 / 24,899505,2022-07-15 14:16:58:572
-0.2213,1.2526,10.9478,-0.0904,1.9174,9.617,0.9521,0.0366,0.0944,-0.2571,-0.2497,-0.6629,77492.03,-13.86,-20.31,-36.19,131.31,-11.28,0.54,5,996.59,38.256,46.162792,15.870474,717.47,NaN,,5.04,12.226105,145.2,20 / 24,900004,2022-07-15 14:16:59:071
-1.87,1.1198,11.269,-0.762,1.8392,9.6025,-1.0066,0.1948,0.6306,-0.2957,0.215,0.2332,76077.97,-12.19,-20.87,-36.21,137.45,-10.26,1.84,5,996.59,36.211,46.162792,15.870474,717.47,NaN,,5.04,12.226105,145.2,20 / 24,900504,2022-07-15 14:16:59:571
-0.4391,0.9464,11.6716,-0.2998,1.6753,9.6578,0.2768,-0.7271,0.4934,-0.5938,-0.0495,-0.7739,75002.02,-13.56,-20.25,-36.41,130.5,-10.78,1.98,5,996.59,36.276,46.162785,15.870485,715.72,NaN,,5.51,12.226105,145.4,20 / 24,901004,2022-07-15 14:17:00:071
-1.5458,1.6074,10.6624,-0.6847,1.6764,9.638,-0.894,0.5835,0.7641,-0.3844,0.1285,0.2385,72513.02,-11.49,-20.7,-35.98,140.51,-9.17,2.27,5,996.62,40.947,46.162785,15.870485,715.72,NaN,,5.51,12.226105,145.4,20 / 24,901504,2022-07-15 14:17:00:571
0.926,1.6385,11.4353,-0.3942,1.9731,9.598,0.3041,-0.4446,0.6459,0.4105,-0.2799,-0.0809,72425.01,-13.56,-19.48,-36.28,126.61,-11.61,2.35,5,996.6,33.738,46.16277,15.870495,715.21,NaN,,5.47,12.226105,145,20 / 24,902005,2022-07-15 14:17:01:072
-0.5952,2.796,11.3378,-0.2095,1.7899,9.6397,-0.8103,0.8137,1.0857,0.2595,-0.1588,0.2743,73442.98,-14.21,-20.04,-35.94,134.9,-7.49,2.02,5,996.59,35.987,46.16277,15.870495,715.21,NaN,,5.47,12.226105,145,20 / 24,902504,2022-07-15 14:17:01:571
-0.6359,2.4185,11.9079,-0.5473,2.1644,9.5492,-0.1133,-0.2388,-3.6077,0.258,-0.2772,0.1443,71993.01,-15.34,-19.76,-36.24,126.24,-11.08,4.3,5,996.58,36.677,46.16276,15.870506,715.24,NaN,,5.33,12.226105,144.8,20 / 24,903004,2022-07-15 14:17:02:071
-2.4281,2.3623,10.7958,-0.5325,2.056,9.5739,0.0707,1.3116,-3.2367,0.1126,0.0294,0.5621,72893.99,-16.71,-19.35,-35.51,124.41,-10.1,2.02,5,996.59,37.23,46.16276,15.870506,715.24,NaN,,5.33,12.226105,144.8,20 / 24,903505,2022-07-15 14:17:02:572
0.1143,2.0883,9.8219,-0.865,2.0826,9.5438,1.0551,0.2923,-3.8385,-0.0133,0.2077,1.0688,34828.99,-22.61,-14.36,-34.78,104.46,-12.26,5.18,5,996.57,39.102,46.162746,15.870518,715.32,NaN,,5.36,12.226105,137.9,20 / 24,904005,2022-07-15 14:17:03:072
-0.411,2.93,6.3069,-0.6705,1.5678,9.6573,0.1258,0.7341,-2.5888,0.0412,-0.0612,0.655,12313.013,-25.01,-7.14,-36.28,92.73,-9.48,4.59,5,996.56,43.446,46.162746,15.870518,715.32,NaN,,5.36,12.226105,137.9,20 / 24,904505,2022-07-15 14:17:03:572
-0.5641,2.1063,7.3226,-1.3614,1.8878,9.5265,0.3554,-0.4867,-1.8479,-0.0104,0.3299,0.9015,18374.986,-22.72,-0.24,-38.38,76.04,-11.95,8.62,5,996.61,50.952,46.162743,15.870536,714.02,NaN,,5.11,12.226105,108.7,20 / 24,905004,2022-07-15 14:17:04:071
0.6562,1.9047,7.3412,-0.7093,1.3268,9.6906,0.4644,0.2085,-0.2734,0.0254,0.0464,0.0464,2535.975,-17.53,8.61,-40.2,57.31,-7.52,5.39,5,996.59,47.914,46.162743,15.870536,714.02,NaN,,5.11,12.226105,108.7,20 / 24,905504,2022-07-15 14:17:04:571
-0.6718,1.41,8.8259,-1.0553,1.7308,9.5948,-1.628,-0.8692,0.8769,-0.0225,0.0033,0.865,2461.995,-17.34,9.6,-40.28,52.14,-10.17,6.28,5,996.6,46.887,46.162746,15.870558,713.49,NaN,,5,12.226105,90,20 / 24,906004,2022-07-15 14:17:05:071
-0.4235,1.4548,9.8853,-0.496,1.5478,9.671,-0.3347,-0.6921,1.3307,-0.1778,0.2109,-0.3649,2341.98,-16.33,12.11,-40.24,44.59,-11.26,4.43,5,996.61,51.443,46.162746,15.870558,713.49,NaN,,5,12.226105,90,20 / 24,906505,2022-07-15 14:17:05:572
-1.4309,2.0919,10.1198,-1.153,2.012,9.5285,-0.5056,0.3988,1.3904,-0.2087,0.1625,0.6344,2518.02,-17.64,11.36,-39.98,47.76,-12.08,4.01,5,996.61,55.089,46.162758,15.870575,711.98,NaN,,3.89,12.226105,75.1,20 / 24,907005,2022-07-15 14:17:06:072
6.00E-04,0.7992,12.7537,-0.3695,1.5712,9.6729,0.6059,-0.073,2.5094,0.1302,-0.1562,-0.1922,2401.9875,-14.89,12.34,-41.23,41.14,-12.34,3.81,5,996.61,52.723,46.162758,15.870575,711.98,NaN,,3.89,12.226105,75.1,20 / 24,907505,2022-07-15 14:17:06:572
-1.2861,2.6028,10.3143,-0.6788,2.1432,9.5455,-0.8439,0.2739,1.7497,0.0735,0.2619,0.1484,3540.983,-15.67,12.06,-40.59,42.77,-12.62,4.07,5,996.57,48.827,46.16277,15.870592,710.36,NaN,,4.54,12.226105,63.7,21 / 24,908004,2022-07-15 14:17:07:071
0.2518,2.5167,12.3912,-0.5865,2.2101,9.5363,0.246,-0.0513,2.3244,0.2726,-0.2373,-0.2802,5808.983,-13.48,12.11,-41.25,40.75,-11.11,5.29,5,996.59,43.264,46.16277,15.870592,710.36,NaN,,4.54,12.226105,63.7,21 / 24,908505,2022-07-15 14:17:07:572
-1.3998,1.8604,11.0638,-0.6131,1.7385,9.6318,0.0512,1.0344,-2.4892,-0.1121,0.3909,0.0425,1795.0276,-14.53,12.38,-40.87,43.35,-9.65,3.53,5,996.56,56.85,46.162777,15.870607,710.42,NaN,,4.46,12.226105,55.4,21 / 24,909004,2022-07-15 14:17:08:071
-0.0281,1.3902,12.8949,-0.6063,1.8082,9.6194,0.6248,0.565,-1.9918,0.018,-0.2343,0.0816,2053.0127,-13.56,14.16,-40.78,41.6,-9.67,5.87,5,996.59,54.052,46.162777,15.870607,710.42,NaN,,4.46,12.226105,55.4,21 / 24,909505,2022-07-15 14:17:08:572
-1.3262,2.9109,10.0899,-0.4778,1.3064,9.7075,0.2307,1.2341,-1.9012,0.0089,-0.003,-0.3951,1354.995,-15.26,13.74,-40.5,41.59,-7.66,2.82,5,996.56,45.452,46.162785,15.870621,709.13,NaN,,4.5,12.226105,53.4,20 / 24,910005,2022-07-15 14:17:09:072
-0.9679,1.6971,8.2409,-0.6594,1.7425,9.628,0.2616,0.1954,-2.2363,0.046,-0.2082,-0.0523,1212.9751,-15.84,12.15,-40.65,46.98,-9.37,5.07,5,996.56,47.185,46.162785,15.870621,709.13,NaN,,4.5,12.226105,53.4,20 / 24,910505,2022-07-15 14:17:09:572
0,2.4963,6.1567,-0.4033,1.2596,9.7171,1.3623,0.141,-1.0485,0.0602,-0.1316,-0.3971,942.03,-15.96,12.96,-40.33,46.85,-5.67,2.79,5,996.57,50.623,46.162796,15.870628,706.18,NaN,,3.71,12.226105,49.4,20 / 25,911004,2022-07-15 14:17:10:071
-0.2441,2.08,7.1049,-0.8921,1.35,9.6722,0.575,-0.9458,-0.7757,-0.0832,-0.2294,0.3752,648,-15.3,12.69,-40.61,45.61,-7.91,5.27,5,996.55,45.736,46.162796,15.870628,706.18,NaN,,3.71,12.226105,49.4,20 / 25,911504,2022-07-15 14:17:10:571
0.521,2.4006,7.7246,-0.5192,1.2111,9.7177,0.5967,0.4957,-1.8108,-0.2582,-0.0837,-0.2091,710.9776,-15.84,11.57,-40.73,47.14,-7.09,3.06,5,996.57,48.915,46.162807,15.87063,705.72,NaN,,3.92,12.226105,37.7,20 / 25,912005,2022-07-15 14:17:11:072
-0.8632,0.3996,10.4267,-0.7937,1.5768,9.6465,-0.6485,-0.726,2.1023,-0.4108,-0.2515,0.1723,849.015,-16.31,11.34,-40.78,48.02,-10,5.19,5,996.57,43.959,46.162807,15.87063,705.72,NaN,,3.92,12.226105,37.7,20 / 25,912504,2022-07-15 14:17:11:571
0.7693,1.6122,10.2694,-0.5331,1.3285,9.7016,0.3331,-0.2417,1.3297,-0.1177,0.0479,-0.1429,7017.975,-16.18,11.03,-40.8,44.77,-10.6,2.9,5,996.59,45.758,46.162815,15.870638,705.85,NaN,,4.25,12.946526,44.3,20 / 25,913005,2022-07-15 14:17:12:072
-0.5438,1.3202,9.1639,-0.5439,1.9136,9.6027,0.107,-0.0672,2.2731,-0.4727,-0.1185,-0.1042,1961.0103,-16.58,10.69,-41.01,46.06,-11.25,3.24,5,996.58,41.158,46.162815,15.870638,705.85,NaN,,4.25,12.946526,44.3,20 / 25,913504,2022-07-15 14:17:12:571
0.0945,1.9837,9.5593,-0.4613,1.8211,9.625,0.6283,-0.0599,1.5265,-0.7327,0.0356,-0.5793,2129.0176,-16.89,9.94,-41.18,47.63,-10.7,2.74,5,996.57,36.982,46.162827,15.870649,706.04,NaN,,4.68,12.226105,47,20 / 25,914004,2022-07-15 14:17:13:071
-1.8855,0.8961,13.0971,-0.5195,1.9534,9.5961,-0.3198,0.5643,0.4793,-0.5341,0.0698,0.2429,3130.9875,-17.16,9.86,-40.65,44.81,-12.23,1.72,5,996.6,31.841,46.162827,15.870649,706.04,NaN,,4.68,12.226105,47,20 / 25,914504,2022-07-15 14:17:13:571
1.6158,2.0136,10.87,0.0779,1.494,9.6919,-0.1148,-0.3244,1.0097,-0.4891,0.1561,-0.625,4056.0076,-16.61,11.4,-40.46,44.22,-10.29,0.65,5,996.58,33.224,46.16284,15.870661,707.79,NaN,,4.97,12.226105,44.3,20 / 25,915005,2022-07-15 14:17:14:072
-1.2263,1.7133,11.9031,-0.0125,1.4557,9.698,0.2498,0.7895,0.4289,0.0089,-0.008,-0.1332,5348.97,-18.45,12.6,-39.15,44.08,-8.54,0.07,5,996.6,40.244,46.16284,15.870661,707.79,NaN,,4.97,12.226105,44.3,20 / 25,915505,2022-07-15 14:17:14:572
1.6672,0.5061,11.9557,0.2162,1.281,9.7202,0.2982,-0.1268,1.1424,-0.1149,-0.2004,-0.2214,6039.023,-18.92,13.2,-39.24,45.14,-7.51,-1.27,5,996.56,36.946,46.162857,15.870677,709.53,NaN,,5.15,12.569501,46.4,20 / 25,916004,2022-07-15 14:17:15:071
-1.1103,1.2215,12.9685,0.1786,1.0843,9.7449,0.1799,1.1198,-2.4778,-0.0147,0.1793,-0.1328,7155.001,-19.43,14.33,-38.46,47.04,-4.43,-1.24,5,996.57,37.157,46.162857,15.870677,709.53,NaN,,5.15,12.569501,46.4,20 / 25,916504,2022-07-15 14:17:15:571
0.1842,0.2399,10.3232,-0.0347,1.1507,9.7388,-0.1667,-0.0841,-2.0272,0.1772,-0.1035,0.1122,11702.003,-18.3,14.03,-38.91,45.88,-6.28,1.05,5,996.54,38.217,46.162865,15.870691,709.96,NaN,,4.82,12.226105,51.3,20 / 25,917004,2022-07-15 14:17:16:071
-0.7041,2.0297,8.7021,-0.0958,0.7698,9.7759,-0.5687,0.7816,-1.8543,0.2634,-0.0626,-0.1575,71372.01,-26.1,12.3,-38.27,60.49,-4.5,0.56,5,996.55,39.836,46.162865,15.870691,709.96,NaN,,4.82,12.226105,51.3,20 / 25,917504,2022-07-15 14:17:16:571
-0.0915,1.1492,9.5133,-0.6337,1.165,9.7166,0.3621,0.033,-2.0936,0.1849,-0.2094,0.2805,65505.984,-26.32,9.86,-38.93,63.26,-6.82,3.73,5,996.56,34.411,46.162872,15.870707,709.46,NaN,,4.93,12.226105,53.8,19 / 25,918004,2022-07-15 14:17:17:071
-0.9924,1.7157,8.6477,-0.3838,0.4782,9.7875,0.1369,0.3203,-1.1785,0.1377,0.032,-0.1695,69356.99,-23.72,11.98,-39.09,63.17,-1.11,1.76,5,996.55,34.017,46.162872,15.870707,709.46,NaN,,4.93,12.226105,53.8,19 / 25,918504,2022-07-15 14:17:17:571
-0.1627,0.7908,7.5464,-0.7208,0.8486,9.7432,0.3423,-0.441,-1.1403,-0.082,-0.1924,0.3587,66129.01,-16.33,13.59,-39.84,49.12,-5.19,5.99,5,996.56,34.006,46.16288,15.870719,709.46,NaN,,4.86,12.226105,52.9,19 / 25,919005,2022-07-15 14:17:18:072
-0.1836,0.7591,8.8319,-0.2692,0.3787,9.7956,0.2043,0.1102,-1.1445,-0.1558,0.0781,-0.2154,67235,-17.27,14.1,-39.6,49.38,-2.21,1.57,5,996.55,35.899,46.16288,15.870719,709.46,NaN,,4.86,12.226105,52.9,19 / 25,919505,2022-07-15 14:17:18:572
-0.5647,1.0995,6.9679,-0.8451,0.7793,9.739,-0.0372,-0.6207,-0.139,-0.0919,-0.0675,0.4138,66150,-17.27,12.45,-39.71,53.64,-4.56,4.96,5,996.57,31.028,46.162888,15.870735,709.63,NaN,,5.29,12.226105,50.9,19 / 24,920004,2022-07-15 14:17:19:071
0.6413,1.3358,9.1059,-0.6186,1.0803,9.7273,1.0489,0.1417,0.9259,-0.2535,-0.0696,-0.1384,65067.035,-15.75,13.59,-39.58,42.41,-7.98,2.38,5,996.55,34.571,46.162888,15.870735,709.63,NaN,,5.29,12.226105,50.9,19 / 24,920504,2022-07-15 14:17:19:571
0.591,2.0512,7.5835,-1.1545,1.0205,9.6848,-1.397,-0.0528,1.0501,-0.639,-0.0761,0.1192,62761.03,-15.88,11.66,-40.48,48.99,-8.41,5.95,5,996.58,35.94,46.1629,15.870752,711.61,NaN,,5.47,12.226105,51.6,19 / 24,921004,2022-07-15 14:17:20:071
-1.4548,0.1543,12.5701,-0.9042,1.1694,9.6946,-0.1893,-0.0096,2.025,-0.4204,0.2004,-0.5571,63425.973,-14.77,13.28,-40.43,46.84,-6.85,5.33,5,996.57,32.903,46.1629,15.870752,711.61,NaN,,5.47,12.226105,51.6,19 / 24,921504,2022-07-15 14:17:20:571
-0.6012,1.5823,9.5258,-0.8837,1.7984,9.5998,-0.9134,-0.1999,1.9447,-0.2215,-0.2706,0.1011,61471.99,-15.06,11.29,-41.27,46.01,-10.57,5.26,5,996.56,36.014,46.16291,15.870769,712.46,NaN,,5.44,12.226105,51.5,18 / 24,922004,2022-07-15 14:17:21:071
-1.4674,-0.2375,12.6766,-0.4312,1.3877,9.6984,0.3806,-0.0612,1.9475,-0.2826,0.2056,-0.5591,63185,-15.32,11.57,-40.54,43.45,-9.33,3.35,5,996.55,33.899,46.16291,15.870769,712.46,NaN,,5.44,12.226105,51.5,18 / 24,922504,2022-07-15 14:17:21:571
-1.0086,3.3021,9.8261,-0.9199,2.0313,9.5498,-0.4144,0.7361,0.9719,0.3077,-0.0231,0.1217,62138.004,-16.97,10.84,-40.71,46.69,-11.64,4.14,5,996.57,38.249,46.16292,15.870784,714.43,NaN,,5.4,12.226105,53.6,19 / 24,923004,2022-07-15 14:17:22:071
-1.2604,1.8281,11.7494,-0.5705,1.957,9.5924,0.2797,0.0634,1.1209,0.0204,-0.2057,-0.3642,60718.008,-15.45,9.88,-41.23,44.38,-11.51,3.4,5,996.58,38.605,46.16292,15.870784,714.43,NaN,,5.4,12.226105,53.6,19 / 24,923504,2022-07-15 14:17:22:571
-1.7904,2.8337,10.4058,-0.7237,2.1429,9.5423,-0.0423,0.7544,0.9445,0.233,0.0598,0.0621,62372.027,-16.74,9.73,-40.73,47.44,-12.62,4.34,5,996.55,33.197,46.16293,15.870802,715.56,NaN,,5.4,12.226105,57.9,19 / 24,924005,2022-07-15 14:17:23:072
-0.2177,1.1659,13.2221,-0.4629,2.1869,9.5485,0.3791,-0.359,-1.5194,0.1103,-0.3364,-0.4327,40842.97,-14.61,9.94,-41.31,45.71,-11.76,4.72,5,996.55,37.926,46.16293,15.870802,715.56,NaN,,5.4,12.226105,57.9,19 / 24,924505,2022-07-15 14:17:23:572
-1.4644,3.1633,9.7214,-0.6333,1.5177,9.6678,0.3215,1.0666,-2.6474,0.0111,0.04,-0.4636,3363.9976,-16.09,9.51,-40.05,49.45,-8.9,3.75,5,996.52,35.861,46.162937,15.87082,714.28,NaN,,5.51,12.226105,54.9,20 / 24,925005,2022-07-15 14:17:24:072
-0.5234,2.3623,8.8923,-1.1901,2.1795,9.487,0.1434,-0.1578,-2.7612,0.0843,-0.2702,0.4316,6713.0103,-15.58,8.72,-41.83,50.18,-12.84,7.15,5,996.51,35.001,46.162937,15.87082,714.28,NaN,,5.51,12.226105,54.9,20 / 24,925505,2022-07-15 14:17:24:572
-0.0957,2.5753,6.9242,-0.9304,1.9052,9.5747,0.7752,0.2281,-0.4738,0.1652,-0.1555,-0.0461,4052.9705,-14.23,8.85,-41.59,47.16,-11.2,5.55,5,996.53,35.993,46.162952,15.870836,713.79,NaN,,5.15,12.226105,51.2,20 / 24,926004,2022-07-15 14:17:25:071
-0.6742,2.3067,7.2054,-1.4281,2.2597,9.4353,0.218,0.0691,-1.7926,-0.002,-0.1289,0.5396,64619.98,-13.16,8.14,-41.61,49.79,-12.8,9.2,5,996.51,37.874,46.162952,15.870836,713.79,NaN,,5.15,12.226105,51.2,20 / 24,926504,2022-07-15 14:17:25:571
-0.8261,1.7492,7.7623,-0.8797,1.6355,9.6292,0.6065,0.1743,-0.4073,-0.1975,-0.1145,-0.4397,3437.0327,-12.49,10.52,-41.64,41.8,-9.6,5.22,5,996.54,38.485,46.16296,15.87085,713.26,NaN,,5.29,12.226105,50.5,20 / 24,927004,2022-07-15 14:17:26:071
-0.8171,1.331,10.1204,-1.2031,2.257,9.4673,-0.0433,0.1231,-1.6449,-0.2364,-0.0297,0.3755,32533.986,-13.26,8.96,-41.36,45.52,-13.31,7.24,5,996.5,37.513,46.16296,15.87085,713.26,NaN,,5.29,12.226105,50.5,20 / 24,927504,2022-07-15 14:17:26:571
0.2788,2.5585,9.3751,-0.6957,1.7343,9.627,0.6404,0.2243,1.7264,-0.3144,0.0321,-0.2353,1012.0275,-15.11,9.32,-41.61,48.21,-10.19,4.13,5,996.55,39.633,46.16297,15.870865,711.27,NaN,,5.22,12.226105,50.6,20 / 25,928006,2022-07-15 14:17:27:073
-0.4295,2.6847,7.5224,-1.2041,2.4047,9.4307,-1.0418,0.4421,1.1819,-0.1151,0.0545,0.5416,1415.0026,-15.15,8.93,-41.55,45.94,-14.6,6.21,5,996.53,37.782,46.16297,15.870865,711.27,NaN,,5.22,12.226105,50.6,20 / 25,928505,2022-07-15 14:17:27:572
-1.6265,1.4375,9.8189,-0.8298,2.3334,9.4888,1.4693,0.8562,1.1172,-0.0442,-0.2439,-0.7287,1277.9775,-13.69,9.32,-41.62,43.73,-13.77,5,5,996.55,36.638,46.162983,15.870882,712.46,NaN,,5.22,12.226105,50.5,21 / 25,929005,2022-07-15 14:17:28:072
-2.1589,1.7198,12.2967,-0.8361,1.9872,9.5667,-0.9231,0.9093,1.1007,-0.2556,0.3552,0.1743,6068.9927,-15.73,8.94,-40.97,49.25,-11.69,4.99,5,996.53,36.275,46.162983,15.870882,712.46,NaN,,5.22,12.226105,50.5,21 / 25,929505,2022-07-15 14:17:28:572
-0.5701,1.724,9.8686,-0.5386,1.9196,9.6018,0.3478,-0.3523,-0.0518,-0.2956,-0.1542,-0.5451,23490,-14.63,10.56,-41.16,42.83,-11.29,3.21,5,996.52,46.933,46.162987,15.870901,712.38,NaN,,5.33,12.226105,63.5,21 / 25,930004,2022-07-15 14:17:29:071
-2.0243,2.6524,12.0449,-1.0203,2.1206,9.5201,-0.5031,0.8403,-0.2594,0.1157,-0.1439,-0.0924,4065.9976,-15.06,11.08,-40.44,45.17,-10.71,4.51,5,996.51,42.653,46.162987,15.870901,712.38,NaN,,5.33,12.226105,63.5,21 / 25,930505,2022-07-15 14:17:29:572
-0.2327,2.1505,12.1466,-0.8712,2.4792,9.448,-0.2493,-0.5044,-0.7995,-0.0292,0.0469,0.0602,5436.99,-14.46,9.39,-41.23,43.43,-14.64,5.27,5,996.51,38.346,46.162994,15.870918,711.85,NaN,,5.26,12.226105,65.4,20 / 25,931004,2022-07-15 14:17:30:071
-0.9236,2.866,10.2766,-0.6594,2.004,9.577,-0.0706,0.35,-0.4272,0.225,-0.0639,-0.0613,4294.0127,-14.76,9.81,-41.49,44.75,-11.79,3.94,5,996.51,38.439,46.162994,15.870918,711.85,NaN,,5.26,12.226105,65.4,20 / 25,931504,2022-07-15 14:17:30:571
-1.0516,2.2343,7.6612,-0.9176,2.4268,9.4572,0.3515,-0.9517,-1.877,0.0822,-0.1345,0.0471,1075.005,-12.43,8.72,-41.98,40.43,-14.33,5.54,5,996.49,38.131,46.163006,15.870934,711.73,NaN,,5.33,12.226105,54.1,20 / 25,932004,2022-07-15 14:17:31:071
-1.5661,3.0299,9.4804,-0.7557,2.0048,9.5697,0.5051,-0.5613,-1.0847,0.0682,0.1152,-0.2301,1352.025,-12.69,9.08,-41.47,45.43,-10.71,4.93,5,996.48,39.316,46.163006,15.870934,711.73,NaN,,5.33,12.226105,54.1,20 / 25,932505,2022-07-15 14:17:31:572
-0.9649,2.0764,7.9322,-1.2734,2.2428,9.4614,0.0621,-1.0876,-0.83,0.1254,-0.0587,0.4969,889.9875,-13.22,6.39,-41.57,51.01,-13.22,7.67,5,996.51,46.477,46.163017,15.870947,711.51,NaN,,5.15,12.226105,50.5,20 / 25,933005,2022-07-15 14:17:32:072
-1.7874,1.8425,8.671,-1.102,1.6914,9.5966,0.3596,0.3938,-0.7862,-0.5137,0.2498,-0.163,1154.9926,-13.41,8.01,-40.99,50.22,-9.93,6.55,5,996.53,45.524,46.163017,15.870947,711.51,NaN,,5.15,12.226105,50.5,20 / 25,933504,2022-07-15 14:17:32:571
-1.2281,0.2788,10.4058,-1.0849,2.1765,9.5003,-1.167,-1.8479,3.275,0.2905,0.0633,0.3338,1962.0226,-14.16,9.71,-41.21,45.19,-12.82,6.51,5,996.54,42.935,46.16302,15.870964,710.56,NaN,,5.22,12.226105,58.5,19 / 24,934004,2022-07-15 14:17:33:071
-0.268,1.6463,8.6303,-0.751,1.147,9.7103,0.1256,-1.0653,3.6136,-0.4203,0.257,-0.486,36949.973,-13.61,9.47,-40.73,49.9,-8.19,4.68,5,996.51,43.614,46.16302,15.870964,710.56,NaN,,5.22,12.226105,58.5,19 / 24,934506,2022-07-15 14:17:33:573
-1.1916,1.2168,8.0776,-0.5838,2.0273,9.577,0.1701,-0.708,2.0357,0.2479,-0.0427,-0.1335,6482.97,-15.21,10.56,-40.37,42.75,-11.93,3.49,5,996.55,44.039,46.163025,15.870982,711.71,NaN,,5.26,12.226105,54.8,18 / 24,935004,2022-07-15 14:17:34:071
-0.1029,0.6395,11.1302,-0.4225,0.917,9.7545,0.5647,-1.0985,2.2439,-0.3334,0.7288,-0.1513,5009.9854,-17.76,11.72,-38.78,51.73,-5.37,2.48,5,996.56,45.081,46.163025,15.870982,711.71,NaN,,5.26,12.226105,54.8,18 / 24,935505,2022-07-15 14:17:34:572
-1.8126,3.0676,9.4786,-1.0191,1.6968,9.6048,-0.6894,0.4955,-0.1283,-0.6791,-0.2272,0.6202,6066.023,-15.32,11.1,-40.43,45.32,-10.03,4.06,5,996.55,46.768,46.163033,15.870997,712.93,NaN,,5.15,12.226105,48.2,18 / 24,936005,2022-07-15 14:17:35:072
3.012,1.9717,15.5025,0.1438,1.783,9.6421,0.3341,0.2427,-1.0387,-0.1697,-0.0246,-0.0757,47969.01,-12.58,12.32,-39.98,39.54,-7.91,1.88,5,996.48,48.761,46.163033,15.870997,712.93,NaN,,5.15,12.226105,48.2,18 / 24,936504,2022-07-15 14:17:35:571
-0.2237,0.9667,11.208,0.0838,1.4198,9.703,0.2759,0.4069,-0.9661,0.2069,0.1571,0.3818,34924.973,-13.44,14.94,-39.02,31.7,-8.32,-0.5,5,996.51,49.399,46.16304,15.87101,715.95,NaN,,5.15,12.226105,50,19 / 25,937004,2022-07-15 14:17:36:071
0.2249,1.8048,9.4606,-0.0945,1.2413,9.7273,-0.7133,-1.1287,0.756,0.2734,0.091,-0.1851,4391.0103,-12.64,14.12,-40.43,35.26,-7.27,0.56,5,996.52,45.632,46.16304,15.87101,715.95,NaN,,5.15,12.226105,50,19 / 25,937505,2022-07-15 14:17:36:572
-1.8132,2.0973,9.4678,-1.0473,1.3038,9.663,0.559,0.2286,0.2246,-0.1974,0.4432,-0.3942,4110.008,-11.57,12.96,-42.79,37.34,-7.67,2.88,5,996.53,46.879,46.163055,15.871019,719.72,NaN,,5.26,12.226105,39,20 / 25,938004,2022-07-15 14:17:37:071
-2.2923,1.5613,8.5525,-2.1651,1.038,9.5082,-0.4492,0.4186,0.2813,-0.2065,-0.6187,0.1796,4401,-6.9,15.02,-43.18,41.39,-7.1,14.39,5,996.47,46.506,46.163055,15.871019,719.72,NaN,,5.26,12.226105,39,20 / 25,938504,2022-07-15 14:17:37:571
-0.5898,2.6064,9.7496,-1.2483,1.4816,9.6134,0.6078,1.2215,-0.4919,-0.1575,0.0438,-0.0433,4682.003,-10.16,17.03,-41.44,32.16,-9.09,6.37,5,996.5,48.668,46.163055,15.871019,719.72,NaN,,5.26,12.226105,39,20 / 25,939005,2022-07-15 14:17:38:072
